Pre-optimization QS value:0.12604909111108337Pre-optimization quadcoil value:0.4888729319169577Post-optimization QS value:0.12577299826210464Post-optimization quadcoil value:0.4877684087665738=== Optimization Result ===
{ 'Objective values': { 'Fixed current profile error: ': [ { 'f': Array(0., dtype=float64),
                                                             'f0': Array(0., dtype=float64)}],
                        'Fixed pressure profile error: ': [ { 'f': Array(0., dtype=float64),
                                                              'f0': Array(0., dtype=float64)}],
                        'Force error: ': [ { 'f0_max': Array(200.02430431, dtype=float64),
                                             'f0_max_norm': Array(0.00032711, dtype=float64),
                                             'f0_mean': Array(0.7993461, dtype=float64),
                                             'f0_mean_norm': Array(1.30721223e-06, dtype=float64),
                                             'f0_min': Array(1.51720102e-06, dtype=float64),
                                             'f0_min_norm': Array(2.48115769e-12, dtype=float64),
                                             'f_max': Array(200.6126149, dtype=float64),
                                             'f_max_norm': Array(0.00032807, dtype=float64),
                                             'f_mean': Array(0.79921057, dtype=float64),
                                             'f_mean_norm': Array(1.30699059e-06, dtype=float64),
                                             'f_min': Array(4.84313278e-06, dtype=float64),
                                             'f_min_norm': Array(7.92022676e-12, dtype=float64)}],
                        'Plasma volume: ': [ { 'f': Array(551.58046563, dtype=float64),
                                               'f0': Array(551.58037171, dtype=float64),
                                               'f0_norm': Array(0.09905598, dtype=float64),
                                               'f_norm': Array(0.09906186, dtype=float64)}],
                        'Quadcoil boundary error: ': [ { 'f0_max': Array(0.01625984, dtype=float64),
                                                         'f0_max_norm': Array(0.02905645, dtype=float64),
                                                         'f0_mean': Array(0.00087303, dtype=float64),
                                                         'f0_mean_norm': Array(0.00156011, dtype=float64),
                                                         'f0_min': Array(6.07720854e-16, dtype=float64),
                                                         'f0_min_norm': Array(1.08600142e-15, dtype=float64),
                                                         'f_max': Array(0.01629693, dtype=float64),
                                                         'f_max_norm': Array(0.02912272, dtype=float64),
                                                         'f_mean': Array(0.00087287, dtype=float64),
                                                         'f_mean_norm': Array(0.00155982, dtype=float64),
                                                         'f_min': Array(6.07717784e-16, dtype=float64),
                                                         'f_min_norm': Array(1.08599593e-15, dtype=float64)}],
                        'Quasi-symmetry (1,0) two-term error: ': [ { 'f0_max': Array(0.00010134, dtype=float64),
                                                                     'f0_max_norm': Array(0.242467, dtype=float64),
                                                                     'f0_mean': Array(3.24709624e-06, dtype=float64),
                                                                     'f0_mean_norm': Array(0.00776903, dtype=float64),
                                                                     'f0_min': Array(-0.00010253, dtype=float64),
                                                                     'f0_min_norm': Array(-0.24532156, dtype=float64),
                                                                     'f_max': Array(0.00010134, dtype=float64),
                                                                     'f_max_norm': Array(0.2424641, dtype=float64),
                                                                     'f_mean': Array(3.24702076e-06, dtype=float64),
                                                                     'f_mean_norm': Array(0.00776885, dtype=float64),
                                                                     'f_min': Array(-0.00010253, dtype=float64),
                                                                     'f_min_norm': Array(-0.24531689, dtype=float64)}],
                        'R boundary error: ': [ { 'f': Array(0., dtype=float64),
                                                  'f0': Array(0., dtype=float64)}],
                        'Rotational transform: ': [ { 'f0_max': Array(-0.09046546, dtype=float64),
                                                      'f0_mean': Array(-0.09046546, dtype=float64),
                                                      'f0_min': Array(-0.09046546, dtype=float64),
                                                      'f_max': Array(-0.09045707, dtype=float64),
                                                      'f_mean': Array(-0.09045707, dtype=float64),
                                                      'f_min': Array(-0.09045707, dtype=float64)},
                                                    { 'f0_max': Array(-0.0402623, dtype=float64),
                                                      'f0_mean': Array(-0.0402623, dtype=float64),
                                                      'f0_min': Array(-0.0402623, dtype=float64),
                                                      'f_max': Array(-0.04018536, dtype=float64),
                                                      'f_mean': Array(-0.04018536, dtype=float64),
                                                      'f_min': Array(-0.04018536, dtype=float64)}],
                        'Total (sum of squares)': { 'f': Array(25.78507184, dtype=float64),
                                                    'f0': Array(25.79263811, dtype=float64)},
                        'Z boundary error: ': [ { 'f': Array(0., dtype=float64),
                                                  'f0': Array(0., dtype=float64)}]},
  'alltr': [ Array(0.04218757, dtype=float64),
             np.float64(0.01054689364981986),
             np.float64(0.002636723412454965),
             np.float64(0.0006591808531137412),
             np.float64(0.0001647952132784353),
             np.float64(0.0006591808531137412)],
  'allx': [ Array([0., 0., 0., ..., 0., 0., 0.], dtype=float64),
            Array([0., 0., 0., ..., 0., 0., 0.], dtype=float64)],
  'constr_violation': Array(0., dtype=float64),
  'cost': Array(25.78507184, dtype=float64),
  'f0se': Array([ 9.90559750e-02, -5.71383737e+00, -4.20685690e+00, ...,
        7.22975285e-03,  4.60001174e-03,  1.96203632e-03], dtype=float64),
  'fse': Array([ 9.90618618e-02, -5.71371209e+00, -4.20556082e+00, ...,
        7.21073128e-03,  4.57875135e-03,  1.94260087e-03], dtype=float64),
  'fun': Array([ 9.90618618e-02, -5.71371209e+00, -4.20556082e+00, ...,
        7.21073128e-03,  4.57875135e-03,  1.94260087e-03], dtype=float64),
  'history': [ [ { 'G': Array([], shape=(0,), dtype=float64),
                   'I': Array([], shape=(0,), dtype=float64),
                   'L_lmn': Array([ 4.17541513e-08,  2.15362803e-07,  1.26130381e-06, ...,
        9.60300954e-08, -9.77382181e-08,  2.88089868e-07], dtype=float64),
                   'Phi_mn': Array([], shape=(0,), dtype=float64),
                   'Psi': Array([0.56954675], dtype=float64),
                   'R_lmn': Array([ 1.25368149e-07, -3.41336119e-07,  1.71746574e-06, ...,
       -1.50850029e-07, -1.71117497e-07,  0.00000000e+00], dtype=float64),
                   'Ra_n': Array([ 8.18928513e+00,  1.57155207e+00,  7.82543116e-02, -3.50224083e-03,
        9.60702477e-04,  4.19062814e-04,  2.93520940e-05, -1.04249118e-05,
       -5.25725313e-06, -1.78305710e-06, -1.12367776e-06, -6.29199433e-07,
       -3.96484246e-07, -3.71251059e-07, -2.54781131e-07, -7.50121381e-08,
       -2.93691036e-08], dtype=float64),
                   'Rb_lmn': Array([ 0.00000000e+00,  0.00000000e+00,  0.00000000e+00,  0.00000000e+00,
        0.00000000e+00,  0.00000000e+00,  0.00000000e+00,  0.00000000e+00,
        0.00000000e+00,  0.00000000e+00,  0.00000000e+00,  0.00000000e+00,
        0.00000000e+00,  0.00000000e+00,  0.00000000e+00,  0.00000000e+00,
        0.00000000e+00,  0.00000000e+00,  0.00000000e+00,  0.00000000e+00,
        0.00000000e+00,  0.00000000e+00,  0.00000000e+00,  0.00000000e+00,
        0.00000000e+00,  0.00000000e+00,  0.00000000e+00,  0.00000000e+00,
        0.00000000e+00,  0.00000000e+00,  0.00000000e+00,  0.00000000e+00,
        0.00000000e+00,  0.00000000e+00,  0.00000000e+00,  0.00000000e+00,
        0.00000000e+00,  0.00000000e+00,  0.00000000e+00,  0.00000000e+00,
        0.00000000e+00,  0.00000000e+00,  0.00000000e+00,  0.00000000e+00,
        0.00000000e+00,  0.00000000e+00,  0.00000000e+00,  0.00000000e+00,
        0.00000000e+00,  0.00000000e+00,  0.00000000e+00,  0.00000000e+00,
        0.00000000e+00,  0.00000000e+00,  0.00000000e+00,  0.00000000e+00,
        0.00000000e+00,  0.00000000e+00,  0.00000000e+00,  0.00000000e+00,
        0.00000000e+00,  0.00000000e+00,  0.00000000e+00,  0.00000000e+00,
        0.00000000e+00,  0.00000000e+00,  0.00000000e+00,  0.00000000e+00,
        0.00000000e+00,  0.00000000e+00,  0.00000000e+00,  0.00000000e+00,
        0.00000000e+00,  0.00000000e+00,  0.00000000e+00,  0.00000000e+00,
        0.00000000e+00,  0.00000000e+00,  0.00000000e+00,  0.00000000e+00,
        0.00000000e+00,  0.00000000e+00,  0.00000000e+00,  0.00000000e+00,
        0.00000000e+00,  0.00000000e+00,  0.00000000e+00,  0.00000000e+00,
        0.00000000e+00,  0.00000000e+00,  0.00000000e+00,  0.00000000e+00,
        0.00000000e+00,  0.00000000e+00,  0.00000000e+00,  0.00000000e+00,
        0.00000000e+00,  0.00000000e+00,  0.00000000e+00,  0.00000000e+00,
        0.00000000e+00,  0.00000000e+00,  0.00000000e+00,  0.00000000e+00,
        0.00000000e+00,  0.00000000e+00,  0.00000000e+00,  0.00000000e+00,
        0.00000000e+00,  0.00000000e+00,  0.00000000e+00,  0.00000000e+00,
        0.00000000e+00,  0.00000000e+00,  0.00000000e+00,  0.00000000e+00,
        0.00000000e+00,  0.00000000e+00,  0.00000000e+00,  0.00000000e+00,
        0.00000000e+00,  0.00000000e+00,  0.00000000e+00,  0.00000000e+00,
        0.00000000e+00,  0.00000000e+00,  0.00000000e+00,  0.00000000e+00,
        0.00000000e+00,  0.00000000e+00,  0.00000000e+00,  0.00000000e+00,
        0.00000000e+00,  0.00000000e+00,  0.00000000e+00,  0.00000000e+00,
        0.00000000e+00,  0.00000000e+00,  0.00000000e+00,  0.00000000e+00,
        0.00000000e+00,  0.00000000e+00,  0.00000000e+00,  0.00000000e+00,
        0.00000000e+00,  0.00000000e+00,  0.00000000e+00,  0.00000000e+00,
        0.00000000e+00,  0.00000000e+00,  0.00000000e+00,  0.00000000e+00,
        0.00000000e+00,  5.33378499e-09, -1.10045362e-08, -7.28398026e-10,
       -2.60519926e-08, -1.20366705e-08, -1.94422683e-08, -2.98140884e-08,
        0.00000000e+00,  0.00000000e+00,  0.00000000e+00,  0.00000000e+00,
        0.00000000e+00,  0.00000000e+00,  0.00000000e+00,  0.00000000e+00,
        0.00000000e+00, -6.68728765e-09, -2.28931467e-08, -4.37214988e-09,
       -2.43799496e-08,  9.74523027e-09,  3.38854363e-10, -4.85422646e-09,
        0.00000000e+00,  0.00000000e+00,  0.00000000e+00,  0.00000000e+00,
        0.00000000e+00,  0.00000000e+00,  0.00000000e+00,  0.00000000e+00,
        0.00000000e+00,  5.34292282e-08,  1.09376995e-08,  4.43859862e-05,
        2.15150918e-05,  3.45988656e-05,  2.66596817e-05,  2.32440836e-05,
        0.00000000e+00,  0.00000000e+00,  0.00000000e+00,  0.00000000e+00,
        0.00000000e+00,  0.00000000e+00,  0.00000000e+00,  0.00000000e+00,
        0.00000000e+00,  8.39636847e-09, -8.63536148e-08, -3.32500218e-05,
       -4.98394948e-05, -3.44782959e-05, -3.80338021e-05, -6.80247891e-05,
        0.00000000e+00,  0.00000000e+00,  0.00000000e+00,  0.00000000e+00,
        0.00000000e+00,  0.00000000e+00,  0.00000000e+00,  0.00000000e+00,
        0.00000000e+00,  1.94894416e-07,  1.99509637e-10,  8.93158447e-05,
        6.13289138e-05, -1.52840585e-02, -1.71727505e-02,  2.41508740e-02,
        0.00000000e+00,  0.00000000e+00,  0.00000000e+00,  0.00000000e+00,
        0.00000000e+00,  0.00000000e+00,  0.00000000e+00,  0.00000000e+00,
        0.00000000e+00,  1.54921909e-07, -2.37634943e-07, -7.03059465e-05,
       -7.88632943e-05, -7.11191707e-03, -1.85557905e-03,  1.19820468e-01,
        0.00000000e+00,  0.00000000e+00,  0.00000000e+00,  0.00000000e+00,
        0.00000000e+00,  0.00000000e+00,  0.00000000e+00,  0.00000000e+00,
        0.00000000e+00,  5.99095135e-07, -8.50241550e-08,  2.38533920e-04,
        3.02157810e-04, -3.79944033e-02, -3.43386591e-02, -5.62055116e-02,
        8.00000000e+00,  1.93752402e+00,  3.05554383e-01,  3.42403038e-03,
       -1.87813086e-04,  8.37812944e-04, -3.94403683e-07,  1.62923866e-08,
        0.00000000e+00,  0.00000000e+00,  0.00000000e+00,  0.00000000e+00,
        0.00000000e+00,  0.00000000e+00,  0.00000000e+00,  0.00000000e+00,
        0.00000000e+00,  1.34454998e+00, -2.55082761e-02,  3.81862148e-01,
        1.58723316e-01, -4.47047304e-04,  2.89206486e-04, -5.28603949e-07,
       -7.92983528e-08,  0.00000000e+00,  0.00000000e+00,  0.00000000e+00,
        0.00000000e+00,  0.00000000e+00,  0.00000000e+00,  0.00000000e+00,
        0.00000000e+00,  0.00000000e+00, -1.28550699e-03, -4.17201577e-02,
        8.19047869e-02, -4.59686297e-02,  4.08366672e-05,  3.14528340e-04,
       -7.02592206e-08,  1.28900735e-07,  0.00000000e+00,  0.00000000e+00,
        0.00000000e+00,  0.00000000e+00,  0.00000000e+00,  0.00000000e+00,
        0.00000000e+00,  0.00000000e+00,  0.00000000e+00, -2.24674860e-02,
        6.64213134e-03,  1.33003202e-02, -3.50269675e-03, -1.05395669e-04,
       -3.15493342e-05, -1.12774027e-07, -4.90276827e-08,  0.00000000e+00,
        0.00000000e+00,  0.00000000e+00,  0.00000000e+00,  0.00000000e+00,
        0.00000000e+00,  0.00000000e+00,  0.00000000e+00,  0.00000000e+00,
        1.70765889e-05,  1.99773715e-05,  2.85314858e-05,  4.24647422e-05,
        4.35528769e-05,  7.21141679e-05,  3.04019770e-08,  5.93253715e-08,
        0.00000000e+00,  0.00000000e+00,  0.00000000e+00,  0.00000000e+00,
        0.00000000e+00,  0.00000000e+00,  0.00000000e+00,  0.00000000e+00,
        0.00000000e+00, -6.00976286e-06, -4.86896694e-06, -1.06471878e-05,
       -2.04946809e-05, -3.59771512e-05, -2.95649147e-05, -4.00500659e-08,
       -2.72441158e-08,  0.00000000e+00,  0.00000000e+00,  0.00000000e+00,
        0.00000000e+00,  0.00000000e+00,  0.00000000e+00,  0.00000000e+00,
        0.00000000e+00,  0.00000000e+00, -6.70378632e-09, -6.99215927e-09,
       -7.91961218e-09, -5.52435492e-09,  4.93361807e-10,  9.42930419e-09,
        1.15774436e-08,  3.08442226e-08,  0.00000000e+00,  0.00000000e+00,
        0.00000000e+00,  0.00000000e+00,  0.00000000e+00,  0.00000000e+00,
        0.00000000e+00,  0.00000000e+00,  0.00000000e+00,  7.75603629e-09,
        8.50644102e-09,  1.03864604e-08,  1.27411120e-08,  1.74387222e-08,
        1.83938508e-08,  1.21276509e-08,  1.90782487e-08,  0.00000000e+00,
        0.00000000e+00,  0.00000000e+00,  0.00000000e+00,  0.00000000e+00,
        0.00000000e+00,  0.00000000e+00,  0.00000000e+00,  0.00000000e+00,
        0.00000000e+00,  0.00000000e+00,  0.00000000e+00,  0.00000000e+00,
        0.00000000e+00,  0.00000000e+00,  0.00000000e+00,  0.00000000e+00,
        0.00000000e+00,  0.00000000e+00,  0.00000000e+00,  0.00000000e+00,
        0.00000000e+00,  0.00000000e+00,  0.00000000e+00,  0.00000000e+00,
        0.00000000e+00,  0.00000000e+00,  0.00000000e+00,  0.00000000e+00,
        0.00000000e+00,  0.00000000e+00,  0.00000000e+00,  0.00000000e+00,
        0.00000000e+00,  0.00000000e+00,  0.00000000e+00,  0.00000000e+00,
        0.00000000e+00,  0.00000000e+00,  0.00000000e+00,  0.00000000e+00,
        0.00000000e+00,  0.00000000e+00,  0.00000000e+00,  0.00000000e+00,
        0.00000000e+00,  0.00000000e+00,  0.00000000e+00,  0.00000000e+00,
        0.00000000e+00,  0.00000000e+00,  0.00000000e+00,  0.00000000e+00,
        0.00000000e+00,  0.00000000e+00,  0.00000000e+00,  0.00000000e+00,
        0.00000000e+00,  0.00000000e+00,  0.00000000e+00,  0.00000000e+00,
        0.00000000e+00,  0.00000000e+00,  0.00000000e+00,  0.00000000e+00,
        0.00000000e+00,  0.00000000e+00,  0.00000000e+00,  0.00000000e+00,
        0.00000000e+00,  0.00000000e+00,  0.00000000e+00,  0.00000000e+00,
        0.00000000e+00,  0.00000000e+00,  0.00000000e+00,  0.00000000e+00,
        0.00000000e+00,  0.00000000e+00,  0.00000000e+00,  0.00000000e+00,
        0.00000000e+00,  0.00000000e+00,  0.00000000e+00,  0.00000000e+00,
        0.00000000e+00,  0.00000000e+00,  0.00000000e+00,  0.00000000e+00,
        0.00000000e+00,  0.00000000e+00,  0.00000000e+00,  0.00000000e+00,
        0.00000000e+00,  0.00000000e+00,  0.00000000e+00,  0.00000000e+00,
        0.00000000e+00,  0.00000000e+00,  0.00000000e+00,  0.00000000e+00,
        0.00000000e+00,  0.00000000e+00,  0.00000000e+00,  0.00000000e+00,
        0.00000000e+00,  0.00000000e+00,  0.00000000e+00,  0.00000000e+00,
        0.00000000e+00,  0.00000000e+00,  0.00000000e+00,  0.00000000e+00,
        0.00000000e+00,  0.00000000e+00,  0.00000000e+00,  0.00000000e+00,
        0.00000000e+00,  0.00000000e+00,  0.00000000e+00,  0.00000000e+00,
        0.00000000e+00,  0.00000000e+00,  0.00000000e+00,  0.00000000e+00,
        0.00000000e+00,  0.00000000e+00,  0.00000000e+00,  0.00000000e+00,
        0.00000000e+00,  0.00000000e+00,  0.00000000e+00,  0.00000000e+00,
        0.00000000e+00,  0.00000000e+00,  0.00000000e+00,  0.00000000e+00,
        0.00000000e+00,  0.00000000e+00,  0.00000000e+00,  0.00000000e+00,
        0.00000000e+00,  0.00000000e+00,  0.00000000e+00,  0.00000000e+00,
        0.00000000e+00,  0.00000000e+00,  0.00000000e+00,  0.00000000e+00,
        0.00000000e+00,  0.00000000e+00,  0.00000000e+00,  0.00000000e+00,
        0.00000000e+00,  0.00000000e+00,  0.00000000e+00,  0.00000000e+00,
        0.00000000e+00,  0.00000000e+00,  0.00000000e+00,  0.00000000e+00,
        0.00000000e+00], dtype=float64),
                   'Te_l': Array([], shape=(0,), dtype=float64),
                   'Ti_l': Array([], shape=(0,), dtype=float64),
                   'Z_lmn': Array([-2.12446173e-07, -3.83115832e-07, -8.72775673e-08, ...,
       -2.04861914e-08,  8.35679002e-08, -1.39596932e-07], dtype=float64),
                   'Za_n': Array([ 2.08665786e-07,  1.82806655e-07,  2.91013909e-07,  3.69945482e-07,
        5.53376765e-07,  6.26984784e-07,  8.04479586e-07,  9.70468588e-07,
        3.69928184e-07, -6.07545029e-06, -6.66926781e-05, -1.12640546e-05,
        2.08990627e-03,  8.53025362e-03,  1.01022689e-01,  1.44265790e+00],      dtype=float64),
                   'Zb_lmn': Array([ 0.00000000e+00,  0.00000000e+00,  0.00000000e+00,  0.00000000e+00,
        0.00000000e+00,  0.00000000e+00,  0.00000000e+00,  0.00000000e+00,
        0.00000000e+00,  0.00000000e+00,  0.00000000e+00,  0.00000000e+00,
        0.00000000e+00,  0.00000000e+00,  0.00000000e+00,  0.00000000e+00,
        0.00000000e+00,  0.00000000e+00,  0.00000000e+00,  0.00000000e+00,
        0.00000000e+00,  0.00000000e+00,  0.00000000e+00,  0.00000000e+00,
        0.00000000e+00,  0.00000000e+00,  0.00000000e+00,  0.00000000e+00,
        0.00000000e+00,  0.00000000e+00,  0.00000000e+00,  0.00000000e+00,
        0.00000000e+00,  0.00000000e+00,  0.00000000e+00,  0.00000000e+00,
        0.00000000e+00,  0.00000000e+00,  0.00000000e+00,  0.00000000e+00,
        0.00000000e+00,  0.00000000e+00,  0.00000000e+00,  0.00000000e+00,
        0.00000000e+00,  0.00000000e+00,  0.00000000e+00,  0.00000000e+00,
        0.00000000e+00,  0.00000000e+00,  0.00000000e+00,  0.00000000e+00,
        0.00000000e+00,  0.00000000e+00,  0.00000000e+00,  0.00000000e+00,
        0.00000000e+00,  0.00000000e+00,  0.00000000e+00,  0.00000000e+00,
        0.00000000e+00,  0.00000000e+00,  0.00000000e+00,  0.00000000e+00,
        0.00000000e+00,  0.00000000e+00,  0.00000000e+00,  0.00000000e+00,
        0.00000000e+00,  0.00000000e+00,  0.00000000e+00,  0.00000000e+00,
        0.00000000e+00,  0.00000000e+00,  0.00000000e+00,  0.00000000e+00,
        0.00000000e+00,  0.00000000e+00,  0.00000000e+00,  0.00000000e+00,
        0.00000000e+00,  0.00000000e+00,  0.00000000e+00,  0.00000000e+00,
        0.00000000e+00,  0.00000000e+00,  0.00000000e+00,  0.00000000e+00,
        0.00000000e+00,  0.00000000e+00,  0.00000000e+00,  0.00000000e+00,
        0.00000000e+00,  0.00000000e+00,  0.00000000e+00,  0.00000000e+00,
        0.00000000e+00,  0.00000000e+00,  0.00000000e+00,  0.00000000e+00,
        0.00000000e+00,  0.00000000e+00,  0.00000000e+00,  0.00000000e+00,
        0.00000000e+00,  0.00000000e+00,  0.00000000e+00,  0.00000000e+00,
        0.00000000e+00,  0.00000000e+00,  0.00000000e+00,  0.00000000e+00,
        0.00000000e+00,  0.00000000e+00,  0.00000000e+00,  0.00000000e+00,
        0.00000000e+00,  0.00000000e+00,  0.00000000e+00,  0.00000000e+00,
        0.00000000e+00,  0.00000000e+00,  0.00000000e+00,  0.00000000e+00,
        0.00000000e+00,  0.00000000e+00,  0.00000000e+00,  0.00000000e+00,
        0.00000000e+00,  0.00000000e+00,  0.00000000e+00,  0.00000000e+00,
        0.00000000e+00,  0.00000000e+00,  0.00000000e+00,  0.00000000e+00,
        0.00000000e+00,  0.00000000e+00,  0.00000000e+00,  0.00000000e+00,
        0.00000000e+00,  0.00000000e+00,  0.00000000e+00,  0.00000000e+00,
        0.00000000e+00,  0.00000000e+00,  0.00000000e+00,  0.00000000e+00,
        0.00000000e+00,  0.00000000e+00,  0.00000000e+00,  0.00000000e+00,
        0.00000000e+00,  4.61981634e-10, -8.58812715e-09, -1.79990199e-08,
       -1.71986205e-08, -1.63121005e-08, -2.81896790e-08,  3.80216920e-09,
       -3.48220726e-08,  0.00000000e+00,  0.00000000e+00,  0.00000000e+00,
        0.00000000e+00,  0.00000000e+00,  0.00000000e+00,  0.00000000e+00,
        0.00000000e+00,  0.00000000e+00,  8.90178364e-09,  2.77728670e-08,
        1.90248250e-08,  2.24018112e-08,  1.34149016e-08,  8.83300085e-09,
        4.45054579e-08, -1.83236415e-08,  0.00000000e+00,  0.00000000e+00,
        0.00000000e+00,  0.00000000e+00,  0.00000000e+00,  0.00000000e+00,
        0.00000000e+00,  0.00000000e+00,  0.00000000e+00, -2.36560199e-05,
       -5.05646863e-05, -2.44373551e-05, -1.25390279e-05, -2.79709377e-05,
       -4.45594684e-05,  1.99143014e-08, -4.73917865e-08,  0.00000000e+00,
        0.00000000e+00,  0.00000000e+00,  0.00000000e+00,  0.00000000e+00,
        0.00000000e+00,  0.00000000e+00,  0.00000000e+00,  0.00000000e+00,
        2.67125683e-05,  6.21197484e-05,  1.11386839e-07, -3.38891754e-06,
       -2.28466606e-05, -1.25167815e-05,  7.92306924e-08, -5.91567214e-08,
        0.00000000e+00,  0.00000000e+00,  0.00000000e+00,  0.00000000e+00,
        0.00000000e+00,  0.00000000e+00,  0.00000000e+00,  0.00000000e+00,
        0.00000000e+00, -1.52255463e-02, -2.13310900e-02, -3.59364039e-04,
       -1.96108767e-02, -4.14293503e-05, -5.25099690e-05,  1.38184508e-07,
       -1.12766874e-07,  0.00000000e+00,  0.00000000e+00,  0.00000000e+00,
        0.00000000e+00,  0.00000000e+00,  0.00000000e+00,  0.00000000e+00,
        0.00000000e+00,  0.00000000e+00,  9.67847025e-02,  1.06962922e-01,
        4.73728417e-02,  4.41562905e-02, -1.41824356e-04, -1.03402875e-04,
        1.36483203e-07, -2.02927319e-07,  0.00000000e+00,  0.00000000e+00,
        0.00000000e+00,  0.00000000e+00,  0.00000000e+00,  0.00000000e+00,
        0.00000000e+00,  0.00000000e+00,  0.00000000e+00,  1.49602523e+00,
        6.80233523e-02,  8.41200604e-03, -1.13640769e-02, -1.65146916e-04,
       -5.79602010e-05,  1.98953040e-07, -1.54721759e-07,  0.00000000e+00,
        0.00000000e+00,  0.00000000e+00,  0.00000000e+00,  0.00000000e+00,
        0.00000000e+00,  0.00000000e+00,  0.00000000e+00,  0.00000000e+00,
        0.00000000e+00,  0.00000000e+00,  0.00000000e+00,  0.00000000e+00,
        0.00000000e+00,  0.00000000e+00,  0.00000000e+00,  0.00000000e+00,
        0.00000000e+00,  3.84413814e-07, -2.12878746e-07, -4.71233076e-04,
        4.05765710e-04, -1.62710396e-01, -2.62023815e-01, -1.56434667e+00,
        0.00000000e+00,  0.00000000e+00,  0.00000000e+00,  0.00000000e+00,
        0.00000000e+00,  0.00000000e+00,  0.00000000e+00,  0.00000000e+00,
        0.00000000e+00,  8.34502269e-07, -1.22965413e-07, -2.91018044e-04,
        5.88373070e-04, -2.51451495e-01, -9.94161302e-02, -8.68536421e-02,
        0.00000000e+00,  0.00000000e+00,  0.00000000e+00,  0.00000000e+00,
        0.00000000e+00,  0.00000000e+00,  0.00000000e+00,  0.00000000e+00,
        0.00000000e+00,  3.59870737e-07, -8.99156515e-08, -2.02102751e-04,
        2.31148997e-04, -1.39556506e-02, -3.44899325e-03,  2.29160595e-02,
        0.00000000e+00,  0.00000000e+00,  0.00000000e+00,  0.00000000e+00,
        0.00000000e+00,  0.00000000e+00,  0.00000000e+00,  0.00000000e+00,
        0.00000000e+00,  2.00173923e-07,  2.77001562e-08, -5.84066663e-05,
        6.92877675e-05, -1.70526140e-02,  4.32668120e-03, -5.74946982e-03,
        0.00000000e+00,  0.00000000e+00,  0.00000000e+00,  0.00000000e+00,
        0.00000000e+00,  0.00000000e+00,  0.00000000e+00,  0.00000000e+00,
        0.00000000e+00,  9.89565837e-08,  9.82580046e-09, -7.68340401e-05,
        1.24323019e-05, -1.17562322e-05, -3.74370009e-05, -1.63257949e-05,
        0.00000000e+00,  0.00000000e+00,  0.00000000e+00,  0.00000000e+00,
        0.00000000e+00,  0.00000000e+00,  0.00000000e+00,  0.00000000e+00,
        0.00000000e+00,  4.38093843e-08,  3.07455955e-08, -4.26507436e-05,
        2.59606982e-05,  2.03052127e-05, -1.18422609e-05, -7.83490580e-06,
        0.00000000e+00,  0.00000000e+00,  0.00000000e+00,  0.00000000e+00,
        0.00000000e+00,  0.00000000e+00,  0.00000000e+00,  0.00000000e+00,
        0.00000000e+00,  2.00345858e-08,  4.05281049e-08, -1.61847436e-08,
        6.71627152e-09,  2.02253056e-08,  1.20187794e-08,  1.02819002e-08,
        0.00000000e+00,  0.00000000e+00,  0.00000000e+00,  0.00000000e+00,
        0.00000000e+00,  0.00000000e+00,  0.00000000e+00,  0.00000000e+00,
        0.00000000e+00, -3.45648409e-08,  1.06997537e-08, -2.49609938e-08,
       -1.70816485e-08, -9.67229351e-09, -1.67942660e-08, -1.16705658e-08,
        0.00000000e+00,  0.00000000e+00,  0.00000000e+00,  0.00000000e+00,
        0.00000000e+00,  0.00000000e+00,  0.00000000e+00,  0.00000000e+00,
        0.00000000e+00,  0.00000000e+00,  0.00000000e+00,  0.00000000e+00,
        0.00000000e+00,  0.00000000e+00,  0.00000000e+00,  0.00000000e+00,
        0.00000000e+00,  0.00000000e+00,  0.00000000e+00,  0.00000000e+00,
        0.00000000e+00,  0.00000000e+00,  0.00000000e+00,  0.00000000e+00,
        0.00000000e+00,  0.00000000e+00,  0.00000000e+00,  0.00000000e+00,
        0.00000000e+00,  0.00000000e+00,  0.00000000e+00,  0.00000000e+00,
        0.00000000e+00,  0.00000000e+00,  0.00000000e+00,  0.00000000e+00,
        0.00000000e+00,  0.00000000e+00,  0.00000000e+00,  0.00000000e+00,
        0.00000000e+00,  0.00000000e+00,  0.00000000e+00,  0.00000000e+00,
        0.00000000e+00,  0.00000000e+00,  0.00000000e+00,  0.00000000e+00,
        0.00000000e+00,  0.00000000e+00,  0.00000000e+00,  0.00000000e+00,
        0.00000000e+00,  0.00000000e+00,  0.00000000e+00,  0.00000000e+00,
        0.00000000e+00,  0.00000000e+00,  0.00000000e+00,  0.00000000e+00,
        0.00000000e+00,  0.00000000e+00,  0.00000000e+00,  0.00000000e+00,
        0.00000000e+00,  0.00000000e+00,  0.00000000e+00,  0.00000000e+00,
        0.00000000e+00,  0.00000000e+00,  0.00000000e+00,  0.00000000e+00,
        0.00000000e+00,  0.00000000e+00,  0.00000000e+00,  0.00000000e+00,
        0.00000000e+00,  0.00000000e+00,  0.00000000e+00,  0.00000000e+00,
        0.00000000e+00,  0.00000000e+00,  0.00000000e+00,  0.00000000e+00,
        0.00000000e+00,  0.00000000e+00,  0.00000000e+00,  0.00000000e+00,
        0.00000000e+00,  0.00000000e+00,  0.00000000e+00,  0.00000000e+00,
        0.00000000e+00,  0.00000000e+00,  0.00000000e+00,  0.00000000e+00,
        0.00000000e+00,  0.00000000e+00,  0.00000000e+00,  0.00000000e+00,
        0.00000000e+00,  0.00000000e+00,  0.00000000e+00,  0.00000000e+00,
        0.00000000e+00,  0.00000000e+00,  0.00000000e+00,  0.00000000e+00,
        0.00000000e+00,  0.00000000e+00,  0.00000000e+00,  0.00000000e+00,
        0.00000000e+00,  0.00000000e+00,  0.00000000e+00,  0.00000000e+00,
        0.00000000e+00,  0.00000000e+00,  0.00000000e+00,  0.00000000e+00,
        0.00000000e+00,  0.00000000e+00,  0.00000000e+00,  0.00000000e+00,
        0.00000000e+00,  0.00000000e+00,  0.00000000e+00,  0.00000000e+00,
        0.00000000e+00,  0.00000000e+00,  0.00000000e+00,  0.00000000e+00,
        0.00000000e+00,  0.00000000e+00,  0.00000000e+00,  0.00000000e+00,
        0.00000000e+00,  0.00000000e+00,  0.00000000e+00,  0.00000000e+00,
        0.00000000e+00,  0.00000000e+00,  0.00000000e+00,  0.00000000e+00],      dtype=float64),
                   'Zeff_l': Array([], shape=(0,), dtype=float64),
                   'a_lmn': Array([], shape=(0,), dtype=float64),
                   'c_l': Array([0., 0., 0., 0., 0., 0., 0., 0., 0.], dtype=float64),
                   'i_l': Array([], shape=(0,), dtype=float64),
                   'ne_l': Array([], shape=(0,), dtype=float64),
                   'ni_l': Array([], shape=(0,), dtype=float64),
                   'p_l': Array([0., 0., 0., 0., 0., 0., 0., 0., 0.], dtype=float64)}],
               [ { 'G': Array([], shape=(0,), dtype=float64),
                   'I': Array([], shape=(0,), dtype=float64),
                   'L_lmn': Array([ 4.17541513e-08,  2.15362803e-07,  1.26130381e-06, ...,
        9.60300954e-08, -9.77382181e-08,  2.88089868e-07], dtype=float64),
                   'Phi_mn': Array([], shape=(0,), dtype=float64),
                   'Psi': Array([0.56954675], dtype=float64),
                   'R_lmn': Array([ 1.25368149e-07, -3.41336119e-07,  1.71746574e-06, ...,
       -1.50850029e-07, -1.71117497e-07,  0.00000000e+00], dtype=float64),
                   'Ra_n': Array([ 8.18928513e+00,  1.57155207e+00,  7.82543116e-02, -3.50224083e-03,
        9.60702477e-04,  4.19062814e-04,  2.93520940e-05, -1.04249118e-05,
       -5.25725313e-06, -1.78305710e-06, -1.12367776e-06, -6.29199433e-07,
       -3.96484246e-07, -3.71251059e-07, -2.54781131e-07, -7.50121381e-08,
       -2.93691036e-08], dtype=float64),
                   'Rb_lmn': Array([ 0.00000000e+00,  0.00000000e+00,  0.00000000e+00,  0.00000000e+00,
        0.00000000e+00,  0.00000000e+00,  0.00000000e+00,  0.00000000e+00,
        0.00000000e+00,  0.00000000e+00,  0.00000000e+00,  0.00000000e+00,
        0.00000000e+00,  0.00000000e+00,  0.00000000e+00,  0.00000000e+00,
        0.00000000e+00,  0.00000000e+00,  0.00000000e+00,  0.00000000e+00,
        0.00000000e+00,  0.00000000e+00,  0.00000000e+00,  0.00000000e+00,
        0.00000000e+00,  0.00000000e+00,  0.00000000e+00,  0.00000000e+00,
        0.00000000e+00,  0.00000000e+00,  0.00000000e+00,  0.00000000e+00,
        0.00000000e+00,  0.00000000e+00,  0.00000000e+00,  0.00000000e+00,
        0.00000000e+00,  0.00000000e+00,  0.00000000e+00,  0.00000000e+00,
        0.00000000e+00,  0.00000000e+00,  0.00000000e+00,  0.00000000e+00,
        0.00000000e+00,  0.00000000e+00,  0.00000000e+00,  0.00000000e+00,
        0.00000000e+00,  0.00000000e+00,  0.00000000e+00,  0.00000000e+00,
        0.00000000e+00,  0.00000000e+00,  0.00000000e+00,  0.00000000e+00,
        0.00000000e+00,  0.00000000e+00,  0.00000000e+00,  0.00000000e+00,
        0.00000000e+00,  0.00000000e+00,  0.00000000e+00,  0.00000000e+00,
        0.00000000e+00,  0.00000000e+00,  0.00000000e+00,  0.00000000e+00,
        0.00000000e+00,  0.00000000e+00,  0.00000000e+00,  0.00000000e+00,
        0.00000000e+00,  0.00000000e+00,  0.00000000e+00,  0.00000000e+00,
        0.00000000e+00,  0.00000000e+00,  0.00000000e+00,  0.00000000e+00,
        0.00000000e+00,  0.00000000e+00,  0.00000000e+00,  0.00000000e+00,
        0.00000000e+00,  0.00000000e+00,  0.00000000e+00,  0.00000000e+00,
        0.00000000e+00,  0.00000000e+00,  0.00000000e+00,  0.00000000e+00,
        0.00000000e+00,  0.00000000e+00,  0.00000000e+00,  0.00000000e+00,
        0.00000000e+00,  0.00000000e+00,  0.00000000e+00,  0.00000000e+00,
        0.00000000e+00,  0.00000000e+00,  0.00000000e+00,  0.00000000e+00,
        0.00000000e+00,  0.00000000e+00,  0.00000000e+00,  0.00000000e+00,
        0.00000000e+00,  0.00000000e+00,  0.00000000e+00,  0.00000000e+00,
        0.00000000e+00,  0.00000000e+00,  0.00000000e+00,  0.00000000e+00,
        0.00000000e+00,  0.00000000e+00,  0.00000000e+00,  0.00000000e+00,
        0.00000000e+00,  0.00000000e+00,  0.00000000e+00,  0.00000000e+00,
        0.00000000e+00,  0.00000000e+00,  0.00000000e+00,  0.00000000e+00,
        0.00000000e+00,  0.00000000e+00,  0.00000000e+00,  0.00000000e+00,
        0.00000000e+00,  0.00000000e+00,  0.00000000e+00,  0.00000000e+00,
        0.00000000e+00,  0.00000000e+00,  0.00000000e+00,  0.00000000e+00,
        0.00000000e+00,  0.00000000e+00,  0.00000000e+00,  0.00000000e+00,
        0.00000000e+00,  0.00000000e+00,  0.00000000e+00,  0.00000000e+00,
        0.00000000e+00,  0.00000000e+00,  0.00000000e+00,  0.00000000e+00,
        0.00000000e+00,  5.33378499e-09, -1.10045362e-08, -7.28398026e-10,
       -2.60519926e-08, -1.20366705e-08, -1.94422683e-08, -2.98140884e-08,
        0.00000000e+00,  0.00000000e+00,  0.00000000e+00,  0.00000000e+00,
        0.00000000e+00,  0.00000000e+00,  0.00000000e+00,  0.00000000e+00,
        0.00000000e+00, -6.68728765e-09, -2.28931467e-08, -4.37214988e-09,
       -2.43799496e-08,  9.74523027e-09,  3.38854363e-10, -4.85422646e-09,
        0.00000000e+00,  0.00000000e+00,  0.00000000e+00,  0.00000000e+00,
        0.00000000e+00,  0.00000000e+00,  0.00000000e+00,  0.00000000e+00,
        0.00000000e+00,  5.34292282e-08,  1.09376995e-08,  4.43859862e-05,
        2.15150918e-05,  3.45988656e-05,  2.66596817e-05,  2.32440836e-05,
        0.00000000e+00,  0.00000000e+00,  0.00000000e+00,  0.00000000e+00,
        0.00000000e+00,  0.00000000e+00,  0.00000000e+00,  0.00000000e+00,
        0.00000000e+00,  8.39636847e-09, -8.63536148e-08, -3.32500218e-05,
       -4.98394948e-05, -3.44782959e-05, -3.80338021e-05, -6.80247891e-05,
        0.00000000e+00,  0.00000000e+00,  0.00000000e+00,  0.00000000e+00,
        0.00000000e+00,  0.00000000e+00,  0.00000000e+00,  0.00000000e+00,
        0.00000000e+00,  1.94894416e-07,  1.99509637e-10,  8.93158447e-05,
        6.13289138e-05, -1.52840585e-02, -1.71727505e-02,  2.41508740e-02,
        0.00000000e+00,  0.00000000e+00,  0.00000000e+00,  0.00000000e+00,
        0.00000000e+00,  0.00000000e+00,  0.00000000e+00,  0.00000000e+00,
        0.00000000e+00,  1.54921909e-07, -2.37634943e-07, -7.03059465e-05,
       -7.88632943e-05, -7.11191707e-03, -1.85557905e-03,  1.19820468e-01,
        0.00000000e+00,  0.00000000e+00,  0.00000000e+00,  0.00000000e+00,
        0.00000000e+00,  0.00000000e+00,  0.00000000e+00,  0.00000000e+00,
        0.00000000e+00,  5.99095135e-07, -8.50241550e-08,  2.38533920e-04,
        3.02157810e-04, -3.79944033e-02, -3.43386591e-02, -5.62055116e-02,
        8.00000000e+00,  1.93752402e+00,  3.05554383e-01,  3.42403038e-03,
       -1.87813086e-04,  8.37812944e-04, -3.94403683e-07,  1.62923866e-08,
        0.00000000e+00,  0.00000000e+00,  0.00000000e+00,  0.00000000e+00,
        0.00000000e+00,  0.00000000e+00,  0.00000000e+00,  0.00000000e+00,
        0.00000000e+00,  1.34454998e+00, -2.55082761e-02,  3.81862148e-01,
        1.58723316e-01, -4.47047304e-04,  2.89206486e-04, -5.28603949e-07,
       -7.92983528e-08,  0.00000000e+00,  0.00000000e+00,  0.00000000e+00,
        0.00000000e+00,  0.00000000e+00,  0.00000000e+00,  0.00000000e+00,
        0.00000000e+00,  0.00000000e+00, -1.28550699e-03, -4.17201577e-02,
        8.19047869e-02, -4.59686297e-02,  4.08366672e-05,  3.14528340e-04,
       -7.02592206e-08,  1.28900735e-07,  0.00000000e+00,  0.00000000e+00,
        0.00000000e+00,  0.00000000e+00,  0.00000000e+00,  0.00000000e+00,
        0.00000000e+00,  0.00000000e+00,  0.00000000e+00, -2.24674860e-02,
        6.64213134e-03,  1.33003202e-02, -3.50269675e-03, -1.05395669e-04,
       -3.15493342e-05, -1.12774027e-07, -4.90276827e-08,  0.00000000e+00,
        0.00000000e+00,  0.00000000e+00,  0.00000000e+00,  0.00000000e+00,
        0.00000000e+00,  0.00000000e+00,  0.00000000e+00,  0.00000000e+00,
        1.70765889e-05,  1.99773715e-05,  2.85314858e-05,  4.24647422e-05,
        4.35528769e-05,  7.21141679e-05,  3.04019770e-08,  5.93253715e-08,
        0.00000000e+00,  0.00000000e+00,  0.00000000e+00,  0.00000000e+00,
        0.00000000e+00,  0.00000000e+00,  0.00000000e+00,  0.00000000e+00,
        0.00000000e+00, -6.00976286e-06, -4.86896694e-06, -1.06471878e-05,
       -2.04946809e-05, -3.59771512e-05, -2.95649147e-05, -4.00500659e-08,
       -2.72441158e-08,  0.00000000e+00,  0.00000000e+00,  0.00000000e+00,
        0.00000000e+00,  0.00000000e+00,  0.00000000e+00,  0.00000000e+00,
        0.00000000e+00,  0.00000000e+00, -6.70378632e-09, -6.99215927e-09,
       -7.91961218e-09, -5.52435492e-09,  4.93361807e-10,  9.42930419e-09,
        1.15774436e-08,  3.08442226e-08,  0.00000000e+00,  0.00000000e+00,
        0.00000000e+00,  0.00000000e+00,  0.00000000e+00,  0.00000000e+00,
        0.00000000e+00,  0.00000000e+00,  0.00000000e+00,  7.75603629e-09,
        8.50644102e-09,  1.03864604e-08,  1.27411120e-08,  1.74387222e-08,
        1.83938508e-08,  1.21276509e-08,  1.90782487e-08,  0.00000000e+00,
        0.00000000e+00,  0.00000000e+00,  0.00000000e+00,  0.00000000e+00,
        0.00000000e+00,  0.00000000e+00,  0.00000000e+00,  0.00000000e+00,
        0.00000000e+00,  0.00000000e+00,  0.00000000e+00,  0.00000000e+00,
        0.00000000e+00,  0.00000000e+00,  0.00000000e+00,  0.00000000e+00,
        0.00000000e+00,  0.00000000e+00,  0.00000000e+00,  0.00000000e+00,
        0.00000000e+00,  0.00000000e+00,  0.00000000e+00,  0.00000000e+00,
        0.00000000e+00,  0.00000000e+00,  0.00000000e+00,  0.00000000e+00,
        0.00000000e+00,  0.00000000e+00,  0.00000000e+00,  0.00000000e+00,
        0.00000000e+00,  0.00000000e+00,  0.00000000e+00,  0.00000000e+00,
        0.00000000e+00,  0.00000000e+00,  0.00000000e+00,  0.00000000e+00,
        0.00000000e+00,  0.00000000e+00,  0.00000000e+00,  0.00000000e+00,
        0.00000000e+00,  0.00000000e+00,  0.00000000e+00,  0.00000000e+00,
        0.00000000e+00,  0.00000000e+00,  0.00000000e+00,  0.00000000e+00,
        0.00000000e+00,  0.00000000e+00,  0.00000000e+00,  0.00000000e+00,
        0.00000000e+00,  0.00000000e+00,  0.00000000e+00,  0.00000000e+00,
        0.00000000e+00,  0.00000000e+00,  0.00000000e+00,  0.00000000e+00,
        0.00000000e+00,  0.00000000e+00,  0.00000000e+00,  0.00000000e+00,
        0.00000000e+00,  0.00000000e+00,  0.00000000e+00,  0.00000000e+00,
        0.00000000e+00,  0.00000000e+00,  0.00000000e+00,  0.00000000e+00,
        0.00000000e+00,  0.00000000e+00,  0.00000000e+00,  0.00000000e+00,
        0.00000000e+00,  0.00000000e+00,  0.00000000e+00,  0.00000000e+00,
        0.00000000e+00,  0.00000000e+00,  0.00000000e+00,  0.00000000e+00,
        0.00000000e+00,  0.00000000e+00,  0.00000000e+00,  0.00000000e+00,
        0.00000000e+00,  0.00000000e+00,  0.00000000e+00,  0.00000000e+00,
        0.00000000e+00,  0.00000000e+00,  0.00000000e+00,  0.00000000e+00,
        0.00000000e+00,  0.00000000e+00,  0.00000000e+00,  0.00000000e+00,
        0.00000000e+00,  0.00000000e+00,  0.00000000e+00,  0.00000000e+00,
        0.00000000e+00,  0.00000000e+00,  0.00000000e+00,  0.00000000e+00,
        0.00000000e+00,  0.00000000e+00,  0.00000000e+00,  0.00000000e+00,
        0.00000000e+00,  0.00000000e+00,  0.00000000e+00,  0.00000000e+00,
        0.00000000e+00,  0.00000000e+00,  0.00000000e+00,  0.00000000e+00,
        0.00000000e+00,  0.00000000e+00,  0.00000000e+00,  0.00000000e+00,
        0.00000000e+00,  0.00000000e+00,  0.00000000e+00,  0.00000000e+00,
        0.00000000e+00,  0.00000000e+00,  0.00000000e+00,  0.00000000e+00,
        0.00000000e+00,  0.00000000e+00,  0.00000000e+00,  0.00000000e+00,
        0.00000000e+00,  0.00000000e+00,  0.00000000e+00,  0.00000000e+00,
        0.00000000e+00,  0.00000000e+00,  0.00000000e+00,  0.00000000e+00,
        0.00000000e+00,  0.00000000e+00,  0.00000000e+00,  0.00000000e+00,
        0.00000000e+00,  0.00000000e+00,  0.00000000e+00,  0.00000000e+00,
        0.00000000e+00,  0.00000000e+00,  0.00000000e+00,  0.00000000e+00,
        0.00000000e+00], dtype=float64),
                   'Te_l': Array([], shape=(0,), dtype=float64),
                   'Ti_l': Array([], shape=(0,), dtype=float64),
                   'Z_lmn': Array([-2.12446173e-07, -3.83115832e-07, -8.72775673e-08, ...,
       -2.04861914e-08,  8.35679002e-08, -1.39596932e-07], dtype=float64),
                   'Za_n': Array([ 2.08665786e-07,  1.82806655e-07,  2.91013909e-07,  3.69945482e-07,
        5.53376765e-07,  6.26984784e-07,  8.04479586e-07,  9.70468588e-07,
        3.69928184e-07, -6.07545029e-06, -6.66926781e-05, -1.12640546e-05,
        2.08990627e-03,  8.53025362e-03,  1.01022689e-01,  1.44265790e+00],      dtype=float64),
                   'Zb_lmn': Array([ 0.00000000e+00,  0.00000000e+00,  0.00000000e+00,  0.00000000e+00,
        0.00000000e+00,  0.00000000e+00,  0.00000000e+00,  0.00000000e+00,
        0.00000000e+00,  0.00000000e+00,  0.00000000e+00,  0.00000000e+00,
        0.00000000e+00,  0.00000000e+00,  0.00000000e+00,  0.00000000e+00,
        0.00000000e+00,  0.00000000e+00,  0.00000000e+00,  0.00000000e+00,
        0.00000000e+00,  0.00000000e+00,  0.00000000e+00,  0.00000000e+00,
        0.00000000e+00,  0.00000000e+00,  0.00000000e+00,  0.00000000e+00,
        0.00000000e+00,  0.00000000e+00,  0.00000000e+00,  0.00000000e+00,
        0.00000000e+00,  0.00000000e+00,  0.00000000e+00,  0.00000000e+00,
        0.00000000e+00,  0.00000000e+00,  0.00000000e+00,  0.00000000e+00,
        0.00000000e+00,  0.00000000e+00,  0.00000000e+00,  0.00000000e+00,
        0.00000000e+00,  0.00000000e+00,  0.00000000e+00,  0.00000000e+00,
        0.00000000e+00,  0.00000000e+00,  0.00000000e+00,  0.00000000e+00,
        0.00000000e+00,  0.00000000e+00,  0.00000000e+00,  0.00000000e+00,
        0.00000000e+00,  0.00000000e+00,  0.00000000e+00,  0.00000000e+00,
        0.00000000e+00,  0.00000000e+00,  0.00000000e+00,  0.00000000e+00,
        0.00000000e+00,  0.00000000e+00,  0.00000000e+00,  0.00000000e+00,
        0.00000000e+00,  0.00000000e+00,  0.00000000e+00,  0.00000000e+00,
        0.00000000e+00,  0.00000000e+00,  0.00000000e+00,  0.00000000e+00,
        0.00000000e+00,  0.00000000e+00,  0.00000000e+00,  0.00000000e+00,
        0.00000000e+00,  0.00000000e+00,  0.00000000e+00,  0.00000000e+00,
        0.00000000e+00,  0.00000000e+00,  0.00000000e+00,  0.00000000e+00,
        0.00000000e+00,  0.00000000e+00,  0.00000000e+00,  0.00000000e+00,
        0.00000000e+00,  0.00000000e+00,  0.00000000e+00,  0.00000000e+00,
        0.00000000e+00,  0.00000000e+00,  0.00000000e+00,  0.00000000e+00,
        0.00000000e+00,  0.00000000e+00,  0.00000000e+00,  0.00000000e+00,
        0.00000000e+00,  0.00000000e+00,  0.00000000e+00,  0.00000000e+00,
        0.00000000e+00,  0.00000000e+00,  0.00000000e+00,  0.00000000e+00,
        0.00000000e+00,  0.00000000e+00,  0.00000000e+00,  0.00000000e+00,
        0.00000000e+00,  0.00000000e+00,  0.00000000e+00,  0.00000000e+00,
        0.00000000e+00,  0.00000000e+00,  0.00000000e+00,  0.00000000e+00,
        0.00000000e+00,  0.00000000e+00,  0.00000000e+00,  0.00000000e+00,
        0.00000000e+00,  0.00000000e+00,  0.00000000e+00,  0.00000000e+00,
        0.00000000e+00,  0.00000000e+00,  0.00000000e+00,  0.00000000e+00,
        0.00000000e+00,  0.00000000e+00,  0.00000000e+00,  0.00000000e+00,
        0.00000000e+00,  0.00000000e+00,  0.00000000e+00,  0.00000000e+00,
        0.00000000e+00,  0.00000000e+00,  0.00000000e+00,  0.00000000e+00,
        0.00000000e+00,  0.00000000e+00,  0.00000000e+00,  0.00000000e+00,
        0.00000000e+00,  4.61981634e-10, -8.58812715e-09, -1.79990199e-08,
       -1.71986205e-08, -1.63121005e-08, -2.81896790e-08,  3.80216920e-09,
       -3.48220726e-08,  0.00000000e+00,  0.00000000e+00,  0.00000000e+00,
        0.00000000e+00,  0.00000000e+00,  0.00000000e+00,  0.00000000e+00,
        0.00000000e+00,  0.00000000e+00,  8.90178364e-09,  2.77728670e-08,
        1.90248250e-08,  2.24018112e-08,  1.34149016e-08,  8.83300085e-09,
        4.45054579e-08, -1.83236415e-08,  0.00000000e+00,  0.00000000e+00,
        0.00000000e+00,  0.00000000e+00,  0.00000000e+00,  0.00000000e+00,
        0.00000000e+00,  0.00000000e+00,  0.00000000e+00, -2.36560199e-05,
       -5.05646863e-05, -2.44373551e-05, -1.25390279e-05, -2.79709377e-05,
       -4.45594684e-05,  1.99143014e-08, -4.73917865e-08,  0.00000000e+00,
        0.00000000e+00,  0.00000000e+00,  0.00000000e+00,  0.00000000e+00,
        0.00000000e+00,  0.00000000e+00,  0.00000000e+00,  0.00000000e+00,
        2.67125683e-05,  6.21197484e-05,  1.11386839e-07, -3.38891754e-06,
       -2.28466606e-05, -1.25167815e-05,  7.92306924e-08, -5.91567214e-08,
        0.00000000e+00,  0.00000000e+00,  0.00000000e+00,  0.00000000e+00,
        0.00000000e+00,  0.00000000e+00,  0.00000000e+00,  0.00000000e+00,
        0.00000000e+00, -1.52255463e-02, -2.13310900e-02, -3.59364039e-04,
       -1.96108767e-02, -4.14293503e-05, -5.25099690e-05,  1.38184508e-07,
       -1.12766874e-07,  0.00000000e+00,  0.00000000e+00,  0.00000000e+00,
        0.00000000e+00,  0.00000000e+00,  0.00000000e+00,  0.00000000e+00,
        0.00000000e+00,  0.00000000e+00,  9.67847025e-02,  1.06962922e-01,
        4.73728417e-02,  4.41562905e-02, -1.41824356e-04, -1.03402875e-04,
        1.36483203e-07, -2.02927319e-07,  0.00000000e+00,  0.00000000e+00,
        0.00000000e+00,  0.00000000e+00,  0.00000000e+00,  0.00000000e+00,
        0.00000000e+00,  0.00000000e+00,  0.00000000e+00,  1.49602523e+00,
        6.80233523e-02,  8.41200604e-03, -1.13640769e-02, -1.65146916e-04,
       -5.79602010e-05,  1.98953040e-07, -1.54721759e-07,  0.00000000e+00,
        0.00000000e+00,  0.00000000e+00,  0.00000000e+00,  0.00000000e+00,
        0.00000000e+00,  0.00000000e+00,  0.00000000e+00,  0.00000000e+00,
        0.00000000e+00,  0.00000000e+00,  0.00000000e+00,  0.00000000e+00,
        0.00000000e+00,  0.00000000e+00,  0.00000000e+00,  0.00000000e+00,
        0.00000000e+00,  3.84413814e-07, -2.12878746e-07, -4.71233076e-04,
        4.05765710e-04, -1.62710396e-01, -2.62023815e-01, -1.56434667e+00,
        0.00000000e+00,  0.00000000e+00,  0.00000000e+00,  0.00000000e+00,
        0.00000000e+00,  0.00000000e+00,  0.00000000e+00,  0.00000000e+00,
        0.00000000e+00,  8.34502269e-07, -1.22965413e-07, -2.91018044e-04,
        5.88373070e-04, -2.51451495e-01, -9.94161302e-02, -8.68536421e-02,
        0.00000000e+00,  0.00000000e+00,  0.00000000e+00,  0.00000000e+00,
        0.00000000e+00,  0.00000000e+00,  0.00000000e+00,  0.00000000e+00,
        0.00000000e+00,  3.59870737e-07, -8.99156515e-08, -2.02102751e-04,
        2.31148997e-04, -1.39556506e-02, -3.44899325e-03,  2.29160595e-02,
        0.00000000e+00,  0.00000000e+00,  0.00000000e+00,  0.00000000e+00,
        0.00000000e+00,  0.00000000e+00,  0.00000000e+00,  0.00000000e+00,
        0.00000000e+00,  2.00173923e-07,  2.77001562e-08, -5.84066663e-05,
        6.92877675e-05, -1.70526140e-02,  4.32668120e-03, -5.74946982e-03,
        0.00000000e+00,  0.00000000e+00,  0.00000000e+00,  0.00000000e+00,
        0.00000000e+00,  0.00000000e+00,  0.00000000e+00,  0.00000000e+00,
        0.00000000e+00,  9.89565837e-08,  9.82580046e-09, -7.68340401e-05,
        1.24323019e-05, -1.17562322e-05, -3.74370009e-05, -1.63257949e-05,
        0.00000000e+00,  0.00000000e+00,  0.00000000e+00,  0.00000000e+00,
        0.00000000e+00,  0.00000000e+00,  0.00000000e+00,  0.00000000e+00,
        0.00000000e+00,  4.38093843e-08,  3.07455955e-08, -4.26507436e-05,
        2.59606982e-05,  2.03052127e-05, -1.18422609e-05, -7.83490580e-06,
        0.00000000e+00,  0.00000000e+00,  0.00000000e+00,  0.00000000e+00,
        0.00000000e+00,  0.00000000e+00,  0.00000000e+00,  0.00000000e+00,
        0.00000000e+00,  2.00345858e-08,  4.05281049e-08, -1.61847436e-08,
        6.71627152e-09,  2.02253056e-08,  1.20187794e-08,  1.02819002e-08,
        0.00000000e+00,  0.00000000e+00,  0.00000000e+00,  0.00000000e+00,
        0.00000000e+00,  0.00000000e+00,  0.00000000e+00,  0.00000000e+00,
        0.00000000e+00, -3.45648409e-08,  1.06997537e-08, -2.49609938e-08,
       -1.70816485e-08, -9.67229351e-09, -1.67942660e-08, -1.16705658e-08,
        0.00000000e+00,  0.00000000e+00,  0.00000000e+00,  0.00000000e+00,
        0.00000000e+00,  0.00000000e+00,  0.00000000e+00,  0.00000000e+00,
        0.00000000e+00,  0.00000000e+00,  0.00000000e+00,  0.00000000e+00,
        0.00000000e+00,  0.00000000e+00,  0.00000000e+00,  0.00000000e+00,
        0.00000000e+00,  0.00000000e+00,  0.00000000e+00,  0.00000000e+00,
        0.00000000e+00,  0.00000000e+00,  0.00000000e+00,  0.00000000e+00,
        0.00000000e+00,  0.00000000e+00,  0.00000000e+00,  0.00000000e+00,
        0.00000000e+00,  0.00000000e+00,  0.00000000e+00,  0.00000000e+00,
        0.00000000e+00,  0.00000000e+00,  0.00000000e+00,  0.00000000e+00,
        0.00000000e+00,  0.00000000e+00,  0.00000000e+00,  0.00000000e+00,
        0.00000000e+00,  0.00000000e+00,  0.00000000e+00,  0.00000000e+00,
        0.00000000e+00,  0.00000000e+00,  0.00000000e+00,  0.00000000e+00,
        0.00000000e+00,  0.00000000e+00,  0.00000000e+00,  0.00000000e+00,
        0.00000000e+00,  0.00000000e+00,  0.00000000e+00,  0.00000000e+00,
        0.00000000e+00,  0.00000000e+00,  0.00000000e+00,  0.00000000e+00,
        0.00000000e+00,  0.00000000e+00,  0.00000000e+00,  0.00000000e+00,
        0.00000000e+00,  0.00000000e+00,  0.00000000e+00,  0.00000000e+00,
        0.00000000e+00,  0.00000000e+00,  0.00000000e+00,  0.00000000e+00,
        0.00000000e+00,  0.00000000e+00,  0.00000000e+00,  0.00000000e+00,
        0.00000000e+00,  0.00000000e+00,  0.00000000e+00,  0.00000000e+00,
        0.00000000e+00,  0.00000000e+00,  0.00000000e+00,  0.00000000e+00,
        0.00000000e+00,  0.00000000e+00,  0.00000000e+00,  0.00000000e+00,
        0.00000000e+00,  0.00000000e+00,  0.00000000e+00,  0.00000000e+00,
        0.00000000e+00,  0.00000000e+00,  0.00000000e+00,  0.00000000e+00,
        0.00000000e+00,  0.00000000e+00,  0.00000000e+00,  0.00000000e+00,
        0.00000000e+00,  0.00000000e+00,  0.00000000e+00,  0.00000000e+00,
        0.00000000e+00,  0.00000000e+00,  0.00000000e+00,  0.00000000e+00,
        0.00000000e+00,  0.00000000e+00,  0.00000000e+00,  0.00000000e+00,
        0.00000000e+00,  0.00000000e+00,  0.00000000e+00,  0.00000000e+00,
        0.00000000e+00,  0.00000000e+00,  0.00000000e+00,  0.00000000e+00,
        0.00000000e+00,  0.00000000e+00,  0.00000000e+00,  0.00000000e+00,
        0.00000000e+00,  0.00000000e+00,  0.00000000e+00,  0.00000000e+00,
        0.00000000e+00,  0.00000000e+00,  0.00000000e+00,  0.00000000e+00,
        0.00000000e+00,  0.00000000e+00,  0.00000000e+00,  0.00000000e+00,
        0.00000000e+00,  0.00000000e+00,  0.00000000e+00,  0.00000000e+00,
        0.00000000e+00,  0.00000000e+00,  0.00000000e+00,  0.00000000e+00],      dtype=float64),
                   'Zeff_l': Array([], shape=(0,), dtype=float64),
                   'a_lmn': Array([], shape=(0,), dtype=float64),
                   'c_l': Array([0., 0., 0., 0., 0., 0., 0., 0., 0.], dtype=float64),
                   'i_l': Array([], shape=(0,), dtype=float64),
                   'ne_l': Array([], shape=(0,), dtype=float64),
                   'ni_l': Array([], shape=(0,), dtype=float64),
                   'p_l': Array([0., 0., 0., 0., 0., 0., 0., 0., 0.], dtype=float64)}],
               [ { 'G': Array([], shape=(0,), dtype=float64),
                   'I': Array([], shape=(0,), dtype=float64),
                   'L_lmn': Array([ 2.84413218e-08,  2.40410332e-07,  1.22586255e-06, ...,
        9.63433187e-08, -9.56479105e-08,  2.82265332e-07], dtype=float64),
                   'Phi_mn': Array([], shape=(0,), dtype=float64),
                   'Psi': Array([0.56954671], dtype=float64),
                   'R_lmn': Array([ 1.45393520e-07, -3.86091385e-07,  1.76525819e-06, ...,
       -1.48316621e-07, -1.71490361e-07,  0.00000000e+00], dtype=float64),
                   'Ra_n': Array([ 8.18936061e+00,  1.57155995e+00,  7.82528318e-02, -3.50201278e-03,
        9.60514985e-04,  4.19070901e-04,  2.93489043e-05, -1.04243653e-05,
       -5.26931414e-06, -1.78745359e-06, -1.12460332e-06, -6.22401167e-07,
       -3.92119941e-07, -3.65285050e-07, -2.51553753e-07, -7.37609630e-08,
       -3.12121059e-08], dtype=float64),
                   'Rb_lmn': Array([ 0.00000000e+00,  0.00000000e+00,  0.00000000e+00,  0.00000000e+00,
        0.00000000e+00,  0.00000000e+00,  0.00000000e+00,  0.00000000e+00,
        0.00000000e+00,  0.00000000e+00,  0.00000000e+00,  0.00000000e+00,
        0.00000000e+00,  0.00000000e+00,  0.00000000e+00,  0.00000000e+00,
        0.00000000e+00,  0.00000000e+00,  0.00000000e+00,  0.00000000e+00,
        0.00000000e+00,  0.00000000e+00,  0.00000000e+00,  0.00000000e+00,
        0.00000000e+00,  0.00000000e+00,  0.00000000e+00,  0.00000000e+00,
        0.00000000e+00,  0.00000000e+00,  0.00000000e+00,  0.00000000e+00,
        0.00000000e+00,  0.00000000e+00,  0.00000000e+00,  0.00000000e+00,
        0.00000000e+00,  0.00000000e+00,  0.00000000e+00,  0.00000000e+00,
        0.00000000e+00,  0.00000000e+00,  0.00000000e+00,  0.00000000e+00,
        0.00000000e+00,  0.00000000e+00,  0.00000000e+00,  0.00000000e+00,
        0.00000000e+00,  0.00000000e+00,  0.00000000e+00,  0.00000000e+00,
        0.00000000e+00,  0.00000000e+00,  0.00000000e+00,  0.00000000e+00,
        0.00000000e+00,  0.00000000e+00,  0.00000000e+00,  0.00000000e+00,
        0.00000000e+00,  0.00000000e+00,  0.00000000e+00,  0.00000000e+00,
        0.00000000e+00,  0.00000000e+00,  0.00000000e+00,  0.00000000e+00,
        0.00000000e+00,  0.00000000e+00,  0.00000000e+00,  0.00000000e+00,
        0.00000000e+00,  0.00000000e+00,  0.00000000e+00,  0.00000000e+00,
        0.00000000e+00,  0.00000000e+00,  0.00000000e+00,  0.00000000e+00,
        0.00000000e+00,  0.00000000e+00,  0.00000000e+00,  0.00000000e+00,
        0.00000000e+00,  0.00000000e+00,  0.00000000e+00,  0.00000000e+00,
        0.00000000e+00,  0.00000000e+00,  0.00000000e+00,  0.00000000e+00,
        0.00000000e+00,  0.00000000e+00,  0.00000000e+00,  0.00000000e+00,
        0.00000000e+00,  0.00000000e+00,  0.00000000e+00,  0.00000000e+00,
        0.00000000e+00,  0.00000000e+00,  0.00000000e+00,  0.00000000e+00,
        0.00000000e+00,  0.00000000e+00,  0.00000000e+00,  0.00000000e+00,
        0.00000000e+00,  0.00000000e+00,  0.00000000e+00,  0.00000000e+00,
        0.00000000e+00,  0.00000000e+00,  0.00000000e+00,  0.00000000e+00,
        0.00000000e+00,  0.00000000e+00,  0.00000000e+00, -6.26968887e-09,
       -6.78471737e-09, -6.89552050e-09, -6.22551184e-09, -4.55840298e-09,
       -6.24589673e-09, -4.60269103e-09, -5.94995429e-09, -1.10005905e-08,
        0.00000000e+00,  0.00000000e+00,  0.00000000e+00,  0.00000000e+00,
        0.00000000e+00,  0.00000000e+00,  0.00000000e+00,  1.34797318e-08,
        1.07829314e-09,  7.49131496e-09,  7.58704127e-09,  9.48887499e-09,
        5.08442513e-09,  8.39015204e-09,  7.90536630e-09,  9.93105761e-09,
        0.00000000e+00,  0.00000000e+00,  0.00000000e+00,  0.00000000e+00,
        0.00000000e+00,  0.00000000e+00,  0.00000000e+00,  2.23539534e-08,
       -9.61072017e-09,  8.23389498e-09, -1.68082383e-08, -1.07706917e-09,
       -3.98189614e-08, -1.84539984e-08, -2.96814954e-08, -4.56239112e-08,
        0.00000000e+00,  0.00000000e+00,  0.00000000e+00,  0.00000000e+00,
        0.00000000e+00,  0.00000000e+00,  0.00000000e+00,  2.59541580e-08,
       -2.65421155e-08, -1.02876111e-08, -3.47068387e-08, -6.89792404e-09,
       -3.72268903e-08,  1.49433536e-08,  5.12453896e-10, -7.48666241e-09,
        0.00000000e+00,  0.00000000e+00,  0.00000000e+00,  0.00000000e+00,
        0.00000000e+00,  0.00000000e+00,  0.00000000e+00,  7.34960940e-08,
       -1.32685124e-08,  8.16528580e-08,  1.69347700e-08,  4.44080884e-05,
        2.15243408e-05,  3.46184547e-05,  2.66723187e-05,  2.32560014e-05,
        0.00000000e+00,  0.00000000e+00,  0.00000000e+00,  0.00000000e+00,
        0.00000000e+00,  0.00000000e+00,  0.00000000e+00,  8.23273580e-08,
       -8.53379481e-08,  1.31484527e-08, -1.31851882e-07, -3.32652976e-05,
       -4.98668216e-05, -3.44978808e-05, -3.80561770e-05, -6.80577699e-05,
        0.00000000e+00,  0.00000000e+00,  0.00000000e+00,  0.00000000e+00,
        0.00000000e+00,  0.00000000e+00,  0.00000000e+00,  1.83624437e-07,
       -8.84833527e-08,  2.99161732e-07,  4.05033521e-10,  8.93636708e-05,
        6.13654107e-05, -1.52840217e-02, -1.71727174e-02,  2.41509122e-02,
        0.00000000e+00,  0.00000000e+00,  0.00000000e+00,  0.00000000e+00,
        0.00000000e+00,  0.00000000e+00,  0.00000000e+00,  1.91937661e-07,
       -1.98029167e-07,  2.39992324e-07, -3.63184684e-07, -7.03451317e-05,
       -7.89030420e-05, -7.11197786e-03, -1.85562481e-03,  1.19820359e-01,
        0.00000000e+00,  0.00000000e+00,  0.00000000e+00,  0.00000000e+00,
        0.00000000e+00,  0.00000000e+00,  0.00000000e+00,  3.49702898e-07,
       -2.05653632e-07,  9.21032603e-07, -1.30429279e-07,  2.38652389e-04,
        3.02324914e-04, -3.79943075e-02, -3.43385231e-02, -5.62054261e-02,
        8.00000000e+00,  1.93752407e+00,  3.05554917e-01,  3.42402942e-03,
       -1.87930336e-04,  8.38259705e-04, -6.08738392e-07,  3.92461529e-08,
        2.98348527e-07, -2.31976921e-07,  0.00000000e+00,  0.00000000e+00,
        0.00000000e+00,  0.00000000e+00,  0.00000000e+00,  0.00000000e+00,
        0.00000000e+00,  1.34454984e+00, -2.55082807e-02,  3.81862198e-01,
        1.58723268e-01, -4.47254319e-04,  2.89379462e-04, -8.12756797e-07,
       -1.07531334e-07,  2.65869429e-07, -2.73869198e-07,  0.00000000e+00,
        0.00000000e+00,  0.00000000e+00,  0.00000000e+00,  0.00000000e+00,
        0.00000000e+00,  0.00000000e+00, -1.28549099e-03, -4.17201407e-02,
        8.19048398e-02, -4.59686021e-02,  4.08447774e-05,  3.14667436e-04,
       -1.08963560e-07,  2.02054347e-07,  2.06171086e-07, -2.46078345e-07,
        0.00000000e+00,  0.00000000e+00,  0.00000000e+00,  0.00000000e+00,
        0.00000000e+00,  0.00000000e+00,  0.00000000e+00, -2.24675036e-02,
        6.64211767e-03,  1.33003015e-02, -3.50272305e-03, -1.05437276e-04,
       -3.15567795e-05, -1.72788499e-07, -7.38776807e-08,  2.16385978e-08,
       -1.58305204e-07,  0.00000000e+00,  0.00000000e+00,  0.00000000e+00,
        0.00000000e+00,  0.00000000e+00,  0.00000000e+00,  0.00000000e+00,
        1.70866744e-05,  1.99889464e-05,  2.85468807e-05,  4.24837603e-05,
        4.35705284e-05,  7.21450148e-05,  4.63162015e-08,  9.11970496e-08,
        3.53088237e-08, -2.17995332e-09,  0.00000000e+00,  0.00000000e+00,
        0.00000000e+00,  0.00000000e+00,  0.00000000e+00,  0.00000000e+00,
        0.00000000e+00, -6.01454071e-06, -4.87317876e-06, -1.06552861e-05,
       -2.05061735e-05, -3.59948277e-05, -2.95785837e-05, -6.13142105e-08,
       -4.13317384e-08, -2.37469746e-08, -2.41691728e-08,  0.00000000e+00,
        0.00000000e+00,  0.00000000e+00,  0.00000000e+00,  0.00000000e+00,
        0.00000000e+00,  0.00000000e+00, -1.02489596e-08, -1.06888667e-08,
       -1.21110606e-08, -8.43678231e-09,  7.35742268e-10,  1.44693284e-08,
        1.76119620e-08,  4.74946990e-08,  1.34599139e-09,  1.75777396e-08,
        0.00000000e+00,  0.00000000e+00,  0.00000000e+00,  0.00000000e+00,
        0.00000000e+00,  0.00000000e+00,  0.00000000e+00,  1.18587187e-08,
        1.30051984e-08,  1.58815533e-08,  1.94904283e-08,  2.66144496e-08,
        2.82092230e-08,  1.85542457e-08,  2.90688213e-08, -6.61747620e-09,
        7.46834663e-09,  0.00000000e+00,  0.00000000e+00,  0.00000000e+00,
        0.00000000e+00,  0.00000000e+00,  0.00000000e+00,  0.00000000e+00,
       -3.62813661e-09, -3.88750550e-09, -4.41724770e-09, -5.59708798e-09,
       -6.47626192e-09, -8.36384177e-09, -9.33998578e-09, -7.24739164e-09,
       -1.18119568e-08,  7.44829526e-09,  0.00000000e+00,  0.00000000e+00,
        0.00000000e+00,  0.00000000e+00,  0.00000000e+00,  0.00000000e+00,
        0.00000000e+00,  2.74338917e-09,  2.89458810e-09,  3.48669263e-09,
        3.86113273e-09,  4.87251065e-09,  5.51867868e-09,  6.28972567e-09,
        7.88328803e-09,  4.96070636e-09,  1.61566125e-08,  0.00000000e+00,
        0.00000000e+00,  0.00000000e+00,  0.00000000e+00,  0.00000000e+00,
        0.00000000e+00,  0.00000000e+00,  0.00000000e+00,  0.00000000e+00,
        0.00000000e+00,  0.00000000e+00,  0.00000000e+00,  0.00000000e+00,
        0.00000000e+00,  0.00000000e+00,  0.00000000e+00,  0.00000000e+00,
        0.00000000e+00,  0.00000000e+00,  0.00000000e+00,  0.00000000e+00,
        0.00000000e+00,  0.00000000e+00,  0.00000000e+00,  0.00000000e+00,
        0.00000000e+00,  0.00000000e+00,  0.00000000e+00,  0.00000000e+00,
        0.00000000e+00,  0.00000000e+00,  0.00000000e+00,  0.00000000e+00,
        0.00000000e+00,  0.00000000e+00,  0.00000000e+00,  0.00000000e+00,
        0.00000000e+00,  0.00000000e+00,  0.00000000e+00,  0.00000000e+00,
        0.00000000e+00,  0.00000000e+00,  0.00000000e+00,  0.00000000e+00,
        0.00000000e+00,  0.00000000e+00,  0.00000000e+00,  0.00000000e+00,
        0.00000000e+00,  0.00000000e+00,  0.00000000e+00,  0.00000000e+00,
        0.00000000e+00,  0.00000000e+00,  0.00000000e+00,  0.00000000e+00,
        0.00000000e+00,  0.00000000e+00,  0.00000000e+00,  0.00000000e+00,
        0.00000000e+00,  0.00000000e+00,  0.00000000e+00,  0.00000000e+00,
        0.00000000e+00,  0.00000000e+00,  0.00000000e+00,  0.00000000e+00,
        0.00000000e+00,  0.00000000e+00,  0.00000000e+00,  0.00000000e+00,
        0.00000000e+00,  0.00000000e+00,  0.00000000e+00,  0.00000000e+00,
        0.00000000e+00,  0.00000000e+00,  0.00000000e+00,  0.00000000e+00,
        0.00000000e+00,  0.00000000e+00,  0.00000000e+00,  0.00000000e+00,
        0.00000000e+00,  0.00000000e+00,  0.00000000e+00,  0.00000000e+00,
        0.00000000e+00,  0.00000000e+00,  0.00000000e+00,  0.00000000e+00,
        0.00000000e+00,  0.00000000e+00,  0.00000000e+00,  0.00000000e+00,
        0.00000000e+00,  0.00000000e+00,  0.00000000e+00,  0.00000000e+00,
        0.00000000e+00,  0.00000000e+00,  0.00000000e+00,  0.00000000e+00,
        0.00000000e+00,  0.00000000e+00,  0.00000000e+00,  0.00000000e+00,
        0.00000000e+00,  0.00000000e+00,  0.00000000e+00,  0.00000000e+00,
        0.00000000e+00,  0.00000000e+00,  0.00000000e+00,  0.00000000e+00,
        0.00000000e+00,  0.00000000e+00,  0.00000000e+00,  0.00000000e+00,
        0.00000000e+00,  0.00000000e+00,  0.00000000e+00,  0.00000000e+00,
        0.00000000e+00], dtype=float64),
                   'Te_l': Array([], shape=(0,), dtype=float64),
                   'Ti_l': Array([], shape=(0,), dtype=float64),
                   'Z_lmn': Array([-2.25848241e-07, -3.19428999e-07, -1.23133521e-07, ...,
       -2.12103275e-08,  8.52625011e-08, -1.42056180e-07], dtype=float64),
                   'Za_n': Array([ 2.03670079e-07,  1.83360440e-07,  2.96241838e-07,  3.74735920e-07,
        5.55587958e-07,  6.24588740e-07,  7.99327042e-07,  9.63081581e-07,
        3.75932291e-07, -6.04388431e-06, -6.66865425e-05, -1.12670822e-05,
        2.08981654e-03,  8.53082469e-03,  1.01023455e-01,  1.44267114e+00],      dtype=float64),
                   'Zb_lmn': Array([ 0.00000000e+00,  0.00000000e+00,  0.00000000e+00,  0.00000000e+00,
        0.00000000e+00,  0.00000000e+00,  0.00000000e+00,  0.00000000e+00,
        0.00000000e+00,  0.00000000e+00,  0.00000000e+00,  0.00000000e+00,
        0.00000000e+00,  0.00000000e+00,  0.00000000e+00,  0.00000000e+00,
        0.00000000e+00,  0.00000000e+00,  0.00000000e+00,  0.00000000e+00,
        0.00000000e+00,  0.00000000e+00,  0.00000000e+00,  0.00000000e+00,
        0.00000000e+00,  0.00000000e+00,  0.00000000e+00,  0.00000000e+00,
        0.00000000e+00,  0.00000000e+00,  0.00000000e+00,  0.00000000e+00,
        0.00000000e+00,  0.00000000e+00,  0.00000000e+00,  0.00000000e+00,
        0.00000000e+00,  0.00000000e+00,  0.00000000e+00,  0.00000000e+00,
        0.00000000e+00,  0.00000000e+00,  0.00000000e+00,  0.00000000e+00,
        0.00000000e+00,  0.00000000e+00,  0.00000000e+00,  0.00000000e+00,
        0.00000000e+00,  0.00000000e+00,  0.00000000e+00,  0.00000000e+00,
        0.00000000e+00,  0.00000000e+00,  0.00000000e+00,  0.00000000e+00,
        0.00000000e+00,  0.00000000e+00,  0.00000000e+00,  0.00000000e+00,
        0.00000000e+00,  0.00000000e+00,  0.00000000e+00,  0.00000000e+00,
        0.00000000e+00,  0.00000000e+00,  0.00000000e+00,  0.00000000e+00,
        0.00000000e+00,  0.00000000e+00,  0.00000000e+00,  0.00000000e+00,
        0.00000000e+00,  0.00000000e+00,  0.00000000e+00,  0.00000000e+00,
        0.00000000e+00,  0.00000000e+00,  0.00000000e+00,  0.00000000e+00,
        0.00000000e+00,  0.00000000e+00,  0.00000000e+00,  0.00000000e+00,
        0.00000000e+00,  0.00000000e+00,  0.00000000e+00,  0.00000000e+00,
        0.00000000e+00,  0.00000000e+00,  0.00000000e+00,  0.00000000e+00,
        0.00000000e+00,  0.00000000e+00,  0.00000000e+00,  0.00000000e+00,
        0.00000000e+00,  0.00000000e+00,  0.00000000e+00,  0.00000000e+00,
        0.00000000e+00,  0.00000000e+00,  0.00000000e+00,  0.00000000e+00,
        0.00000000e+00,  0.00000000e+00,  0.00000000e+00,  0.00000000e+00,
        0.00000000e+00,  0.00000000e+00,  0.00000000e+00,  0.00000000e+00,
        0.00000000e+00,  0.00000000e+00,  0.00000000e+00,  0.00000000e+00,
        0.00000000e+00,  0.00000000e+00,  0.00000000e+00,  3.69343788e-09,
        6.34277478e-09,  1.39911409e-09, -1.51681647e-09, -4.43859879e-09,
       -8.78773862e-09,  2.69361098e-09, -1.20962434e-08, -6.10471683e-09,
       -6.01365865e-09,  0.00000000e+00,  0.00000000e+00,  0.00000000e+00,
        0.00000000e+00,  0.00000000e+00,  0.00000000e+00,  0.00000000e+00,
       -3.15752080e-09, -3.82081329e-09,  2.83877286e-09,  8.24186232e-09,
        9.06022820e-09,  3.78306791e-09,  1.51212979e-08, -5.78325141e-10,
        9.72906760e-09,  1.94459167e-08,  0.00000000e+00,  0.00000000e+00,
        0.00000000e+00,  0.00000000e+00,  0.00000000e+00,  0.00000000e+00,
        0.00000000e+00,  7.03486822e-10, -1.30718926e-08, -2.75565695e-08,
       -2.63694060e-08, -2.47277843e-08, -4.31156222e-08,  5.40953802e-09,
       -5.27420803e-08, -1.12757975e-08, -1.10922614e-08,  0.00000000e+00,
        0.00000000e+00,  0.00000000e+00,  0.00000000e+00,  0.00000000e+00,
        0.00000000e+00,  0.00000000e+00,  1.36100259e-08,  4.24488645e-08,
        2.91055097e-08,  3.42972833e-08,  2.03359232e-08,  1.37268590e-08,
        6.78140621e-08, -2.77149059e-08,  2.19007169e-08, -3.89635465e-08,
        0.00000000e+00,  0.00000000e+00,  0.00000000e+00,  0.00000000e+00,
        0.00000000e+00,  0.00000000e+00,  0.00000000e+00, -2.36641308e-05,
       -5.05837669e-05, -2.44450644e-05, -1.25410764e-05, -2.79809353e-05,
       -4.45732176e-05,  3.02445577e-08, -7.15348168e-08,  5.32911384e-09,
       -7.15383614e-08,  0.00000000e+00,  0.00000000e+00,  0.00000000e+00,
        0.00000000e+00,  0.00000000e+00,  0.00000000e+00,  0.00000000e+00,
        2.67229849e-05,  6.21416909e-05,  1.09372384e-07, -3.39054423e-06,
       -2.28546475e-05, -1.25212266e-05,  1.20672144e-07, -8.91869394e-08,
       -1.15164789e-08, -1.15013631e-08,  0.00000000e+00,  0.00000000e+00,
        0.00000000e+00,  0.00000000e+00,  0.00000000e+00,  0.00000000e+00,
        0.00000000e+00, -1.52255608e-02, -2.13311283e-02, -3.59340471e-04,
       -1.96108408e-02, -4.14476353e-05, -5.25274180e-05,  2.10751707e-07,
       -1.71677978e-07, -2.00789878e-08,  1.61925516e-07,  0.00000000e+00,
        0.00000000e+00,  0.00000000e+00,  0.00000000e+00,  0.00000000e+00,
        0.00000000e+00,  0.00000000e+00,  9.67847208e-02,  1.06962863e-01,
        4.73728088e-02,  4.41562877e-02, -1.41873830e-04, -1.03433530e-04,
        2.08693532e-07, -3.10416790e-07, -4.68821439e-08,  1.77121804e-07,
        0.00000000e+00,  0.00000000e+00,  0.00000000e+00,  0.00000000e+00,
        0.00000000e+00,  0.00000000e+00,  0.00000000e+00,  1.49602512e+00,
        6.80233331e-02,  8.41212518e-03, -1.13639147e-02, -1.65214800e-04,
       -5.79843081e-05,  3.03806138e-07, -2.36141357e-07,  9.50844595e-08,
       -2.78175647e-08,  0.00000000e+00,  0.00000000e+00,  0.00000000e+00,
        0.00000000e+00,  0.00000000e+00,  0.00000000e+00,  0.00000000e+00,
        0.00000000e+00,  0.00000000e+00,  0.00000000e+00,  0.00000000e+00,
        0.00000000e+00,  0.00000000e+00,  0.00000000e+00,  1.79889460e-07,
       -6.57618348e-08,  5.83995572e-07, -3.23621274e-07, -4.71396336e-04,
        4.05920914e-04, -1.62710434e-01, -2.62023858e-01, -1.56434671e+00,
        0.00000000e+00,  0.00000000e+00,  0.00000000e+00,  0.00000000e+00,
        0.00000000e+00,  0.00000000e+00,  0.00000000e+00,  3.47658431e-07,
       -1.43181151e-07,  1.27472136e-06, -1.84483122e-07, -2.91134187e-04,
        5.88577385e-04, -2.51451592e-01, -9.94161491e-02, -8.68536424e-02,
        0.00000000e+00,  0.00000000e+00,  0.00000000e+00,  0.00000000e+00,
        0.00000000e+00,  0.00000000e+00,  0.00000000e+00,  3.14100694e-07,
       -2.50754409e-07,  5.51504733e-07, -1.36371318e-07, -2.02177795e-04,
        2.31230702e-04, -1.39556344e-02, -3.44902338e-03,  2.29160442e-02,
        0.00000000e+00,  0.00000000e+00,  0.00000000e+00,  0.00000000e+00,
        0.00000000e+00,  0.00000000e+00,  0.00000000e+00,  2.52509770e-07,
       -1.64190803e-07,  3.06986477e-07,  4.26136529e-08, -5.84313536e-05,
        6.93083844e-05, -1.70526155e-02,  4.32669508e-03, -5.74945873e-03,
        0.00000000e+00,  0.00000000e+00,  0.00000000e+00,  0.00000000e+00,
        0.00000000e+00,  0.00000000e+00,  0.00000000e+00,  1.61289297e-07,
       -1.26496893e-07,  1.51970816e-07,  1.52100643e-08, -7.68597176e-05,
        1.24360182e-05, -1.17589252e-05, -3.74520146e-05, -1.63319692e-05,
        0.00000000e+00,  0.00000000e+00,  0.00000000e+00,  0.00000000e+00,
        0.00000000e+00,  0.00000000e+00,  0.00000000e+00,  8.07293279e-08,
       -7.31842128e-08,  6.66719807e-08,  4.72459267e-08, -4.26668702e-05,
        2.59664212e-05,  2.03129994e-05, -1.18465532e-05, -7.83743835e-06,
        0.00000000e+00,  0.00000000e+00,  0.00000000e+00,  0.00000000e+00,
        0.00000000e+00,  0.00000000e+00,  0.00000000e+00,  2.31535741e-08,
       -2.49982986e-08,  3.03531988e-08,  6.22844545e-08, -2.47892350e-08,
        1.00806289e-08,  3.10652887e-08,  1.83602034e-08,  1.57071632e-08,
        0.00000000e+00,  0.00000000e+00,  0.00000000e+00,  0.00000000e+00,
        0.00000000e+00,  0.00000000e+00,  0.00000000e+00,  1.50822403e-08,
       -2.15580377e-08, -5.34335726e-08,  1.69034261e-08, -3.83143489e-08,
       -2.63439868e-08, -1.46157193e-08, -2.57026805e-08, -1.78609197e-08,
        0.00000000e+00,  0.00000000e+00,  0.00000000e+00,  0.00000000e+00,
        0.00000000e+00,  0.00000000e+00,  0.00000000e+00,  3.22539642e-08,
       -2.87671349e-09,  5.11323355e-09,  1.96526229e-08,  1.85579686e-09,
        6.26587293e-09,  1.08271604e-08,  6.26638133e-09,  3.64507388e-09,
        0.00000000e+00,  0.00000000e+00,  0.00000000e+00,  0.00000000e+00,
        0.00000000e+00,  0.00000000e+00,  0.00000000e+00,  6.89417681e-09,
       -1.77955952e-08, -6.97507774e-09,  2.85082462e-09, -1.31298388e-08,
       -7.08888474e-09, -3.04659923e-10, -4.12860756e-09, -1.60741051e-09,
        0.00000000e+00,  0.00000000e+00,  0.00000000e+00,  0.00000000e+00,
        0.00000000e+00,  0.00000000e+00,  0.00000000e+00,  0.00000000e+00,
        0.00000000e+00,  0.00000000e+00,  0.00000000e+00,  0.00000000e+00,
        0.00000000e+00,  0.00000000e+00,  0.00000000e+00,  0.00000000e+00,
        0.00000000e+00,  0.00000000e+00,  0.00000000e+00,  0.00000000e+00,
        0.00000000e+00,  0.00000000e+00,  0.00000000e+00,  0.00000000e+00,
        0.00000000e+00,  0.00000000e+00,  0.00000000e+00,  0.00000000e+00,
        0.00000000e+00,  0.00000000e+00,  0.00000000e+00,  0.00000000e+00,
        0.00000000e+00,  0.00000000e+00,  0.00000000e+00,  0.00000000e+00,
        0.00000000e+00,  0.00000000e+00,  0.00000000e+00,  0.00000000e+00,
        0.00000000e+00,  0.00000000e+00,  0.00000000e+00,  0.00000000e+00,
        0.00000000e+00,  0.00000000e+00,  0.00000000e+00,  0.00000000e+00,
        0.00000000e+00,  0.00000000e+00,  0.00000000e+00,  0.00000000e+00,
        0.00000000e+00,  0.00000000e+00,  0.00000000e+00,  0.00000000e+00,
        0.00000000e+00,  0.00000000e+00,  0.00000000e+00,  0.00000000e+00,
        0.00000000e+00,  0.00000000e+00,  0.00000000e+00,  0.00000000e+00,
        0.00000000e+00,  0.00000000e+00,  0.00000000e+00,  0.00000000e+00,
        0.00000000e+00,  0.00000000e+00,  0.00000000e+00,  0.00000000e+00,
        0.00000000e+00,  0.00000000e+00,  0.00000000e+00,  0.00000000e+00,
        0.00000000e+00,  0.00000000e+00,  0.00000000e+00,  0.00000000e+00,
        0.00000000e+00,  0.00000000e+00,  0.00000000e+00,  0.00000000e+00,
        0.00000000e+00,  0.00000000e+00,  0.00000000e+00,  0.00000000e+00,
        0.00000000e+00,  0.00000000e+00,  0.00000000e+00,  0.00000000e+00,
        0.00000000e+00,  0.00000000e+00,  0.00000000e+00,  0.00000000e+00,
        0.00000000e+00,  0.00000000e+00,  0.00000000e+00,  0.00000000e+00,
        0.00000000e+00,  0.00000000e+00,  0.00000000e+00,  0.00000000e+00,
        0.00000000e+00,  0.00000000e+00,  0.00000000e+00,  0.00000000e+00,
        0.00000000e+00,  0.00000000e+00,  0.00000000e+00,  0.00000000e+00],      dtype=float64),
                   'Zeff_l': Array([], shape=(0,), dtype=float64),
                   'a_lmn': Array([], shape=(0,), dtype=float64),
                   'c_l': Array([0., 0., 0., 0., 0., 0., 0., 0., 0.], dtype=float64),
                   'i_l': Array([], shape=(0,), dtype=float64),
                   'ne_l': Array([], shape=(0,), dtype=float64),
                   'ni_l': Array([], shape=(0,), dtype=float64),
                   'p_l': Array([0., 0., 0., 0., 0., 0., 0., 0., 0.], dtype=float64)}]],
  'message': 'Optimization terminated successfully.\n'
             '`xtol` condition satisfied. (xtol=1.00e-06)',
  'nfev': 6,
  'nit': 1,
  'njev': 1,
  'optimality': Array(3.55634893, dtype=float64),
  'penalty_param': Array([10.], dtype=float64),
  's': Array([], shape=(0,), dtype=float64),
  'success': True,
  'v': Array([1., 1., 1., 1., 1., 1., 1., 1., 1., 1., 1., 1., 1., 1., 1., 1., 1.,
       1., 1., 1., 1., 1., 1., 1., 1., 1., 1., 1., 1., 1., 1., 1., 1., 1.,
       1., 1., 1., 1., 1., 1., 1., 1., 1., 1., 1., 1., 1., 1., 1., 1., 1.,
       1., 1., 1., 1., 1., 1., 1., 1., 1., 1., 1., 1., 1., 1., 1., 1., 1.,
       1., 1., 1., 1., 1., 1., 1., 1., 1., 1., 1., 1., 1., 1., 1., 1., 1.,
       1., 1., 1., 1., 1., 1., 1., 1., 1., 1., 1., 1., 1., 1., 1., 1., 1.,
       1., 1., 1., 1., 1., 1., 1., 1., 1., 1., 1., 1., 1., 1., 1., 1., 1.,
       1., 1., 1., 1., 1., 1., 1., 1., 1., 1., 1., 1., 1., 1., 1., 1., 1.,
       1., 1., 1., 1., 1., 1., 1., 1., 1., 1., 1., 1., 1., 1., 1., 1., 1.,
       1., 1., 1., 1., 1., 1., 1., 1., 1., 1., 1., 1., 1., 1., 1., 1., 1.,
       1., 1., 1., 1., 1., 1., 1., 1., 1., 1., 1., 1., 1., 1., 1., 1., 1.,
       1., 1., 1., 1., 1., 1., 1., 1., 1., 1., 1., 1., 1., 1., 1., 1., 1.,
       1., 1., 1., 1., 1., 1., 1., 1., 1., 1., 1., 1., 1., 1., 1., 1., 1.,
       1., 1., 1., 1., 1., 1., 1., 1., 1., 1., 1., 1., 1., 1., 1., 1., 1.,
       1., 1., 1., 1., 1., 1., 1., 1., 1., 1., 1., 1., 1., 1., 1., 1., 1.,
       1., 1., 1., 1., 1., 1., 1., 1., 1., 1., 1., 1., 1., 1., 1., 1., 1.,
       1., 1., 1., 1., 1., 1., 1., 1., 1., 1., 1., 1., 1., 1., 1., 1., 1.,
       1., 1., 1., 1., 1., 1., 1., 1., 1., 1., 1., 1., 1., 1., 1., 1., 1.,
       1., 1., 1., 1., 1., 1., 1., 1., 1., 1., 1., 1., 1., 1., 1., 1., 1.,
       1., 1., 1., 1., 1., 1., 1., 1., 1., 1., 1., 1., 1., 1., 1., 1., 1.,
       1., 1., 1., 1., 1., 1., 1., 1., 1., 1., 1., 1., 1., 1., 1., 1., 1.,
       1., 1., 1., 1.], dtype=float64),
  'x': Array([ 5.69546715e-01, -6.26968887e-09, -6.78471737e-09, -6.89552050e-09,
       -6.22551184e-09, -4.55840298e-09, -6.24589673e-09, -4.60269103e-09,
       -5.94995429e-09, -1.10005905e-08,  1.34797318e-08,  1.07829314e-09,
        7.49131496e-09,  7.58704127e-09,  9.48887499e-09,  5.08442513e-09,
        8.39015204e-09,  7.90536630e-09,  9.93105761e-09,  2.23539534e-08,
       -9.61072017e-09,  8.23389498e-09, -1.68082383e-08, -1.07706917e-09,
       -3.98189614e-08, -1.84539984e-08, -2.96814954e-08, -4.56239112e-08,
        2.59541580e-08, -2.65421155e-08, -1.02876111e-08, -3.47068387e-08,
       -6.89792404e-09, -3.72268903e-08,  1.49433536e-08,  5.12453896e-10,
       -7.48666241e-09,  7.34960940e-08, -1.32685124e-08,  8.16528580e-08,
        1.69347700e-08,  4.44080884e-05,  2.15243408e-05,  3.46184547e-05,
        2.66723187e-05,  2.32560014e-05,  8.23273580e-08, -8.53379481e-08,
        1.31484527e-08, -1.31851882e-07, -3.32652976e-05, -4.98668216e-05,
       -3.44978808e-05, -3.80561770e-05, -6.80577699e-05,  1.83624437e-07,
       -8.84833527e-08,  2.99161732e-07,  4.05033521e-10,  8.93636708e-05,
        6.13654107e-05, -1.52840217e-02, -1.71727174e-02,  2.41509122e-02,
        1.91937661e-07, -1.98029167e-07,  2.39992324e-07, -3.63184684e-07,
       -7.03451317e-05, -7.89030420e-05, -7.11197786e-03, -1.85562481e-03,
        1.19820359e-01,  3.49702898e-07, -2.05653632e-07,  9.21032603e-07,
       -1.30429279e-07,  2.38652389e-04,  3.02324914e-04, -3.79943075e-02,
       -3.43385231e-02, -5.62054261e-02,  1.93752407e+00,  3.05554917e-01,
        3.42402942e-03, -1.87930336e-04,  8.38259705e-04, -6.08738392e-07,
        3.92461529e-08,  2.98348527e-07, -2.31976921e-07,  1.34454984e+00,
       -2.55082807e-02,  3.81862198e-01,  1.58723268e-01, -4.47254319e-04,
        2.89379462e-04, -8.12756797e-07, -1.07531334e-07,  2.65869429e-07,
       -2.73869198e-07, -1.28549099e-03, -4.17201407e-02,  8.19048398e-02,
       -4.59686021e-02,  4.08447774e-05,  3.14667436e-04, -1.08963560e-07,
        2.02054347e-07,  2.06171086e-07, -2.46078345e-07, -2.24675036e-02,
        6.64211767e-03,  1.33003015e-02, -3.50272305e-03, -1.05437276e-04,
       -3.15567795e-05, -1.72788499e-07, -7.38776807e-08,  2.16385978e-08,
       -1.58305204e-07,  1.70866744e-05,  1.99889464e-05,  2.85468807e-05,
        4.24837603e-05,  4.35705284e-05,  7.21450148e-05,  4.63162015e-08,
        9.11970496e-08,  3.53088237e-08, -2.17995332e-09, -6.01454071e-06,
       -4.87317876e-06, -1.06552861e-05, -2.05061735e-05, -3.59948277e-05,
       -2.95785837e-05, -6.13142105e-08, -4.13317384e-08, -2.37469746e-08,
       -2.41691728e-08, -1.02489596e-08, -1.06888667e-08, -1.21110606e-08,
       -8.43678231e-09,  7.35742268e-10,  1.44693284e-08,  1.76119620e-08,
        4.74946990e-08,  1.34599139e-09,  1.75777396e-08,  1.18587187e-08,
        1.30051984e-08,  1.58815533e-08,  1.94904283e-08,  2.66144496e-08,
        2.82092230e-08,  1.85542457e-08,  2.90688213e-08, -6.61747620e-09,
        7.46834663e-09, -3.62813661e-09, -3.88750550e-09, -4.41724770e-09,
       -5.59708798e-09, -6.47626192e-09, -8.36384177e-09, -9.33998578e-09,
       -7.24739164e-09, -1.18119568e-08,  7.44829526e-09,  2.74338917e-09,
        2.89458810e-09,  3.48669263e-09,  3.86113273e-09,  4.87251065e-09,
        5.51867868e-09,  6.28972567e-09,  7.88328803e-09,  4.96070636e-09,
        1.61566125e-08,  3.69343788e-09,  6.34277478e-09,  1.39911409e-09,
       -1.51681647e-09, -4.43859879e-09, -8.78773862e-09,  2.69361098e-09,
       -1.20962434e-08, -6.10471683e-09, -6.01365865e-09, -3.15752080e-09,
       -3.82081329e-09,  2.83877286e-09,  8.24186232e-09,  9.06022820e-09,
        3.78306791e-09,  1.51212979e-08, -5.78325141e-10,  9.72906760e-09,
        1.94459167e-08,  7.03486822e-10, -1.30718926e-08, -2.75565695e-08,
       -2.63694060e-08, -2.47277843e-08, -4.31156222e-08,  5.40953802e-09,
       -5.27420803e-08, -1.12757975e-08, -1.10922614e-08,  1.36100259e-08,
        4.24488645e-08,  2.91055097e-08,  3.42972833e-08,  2.03359232e-08,
        1.37268590e-08,  6.78140621e-08, -2.77149059e-08,  2.19007169e-08,
       -3.89635465e-08, -2.36641308e-05, -5.05837669e-05, -2.44450644e-05,
       -1.25410764e-05, -2.79809353e-05, -4.45732176e-05,  3.02445577e-08,
       -7.15348168e-08,  5.32911384e-09, -7.15383614e-08,  2.67229849e-05,
        6.21416909e-05,  1.09372384e-07, -3.39054423e-06, -2.28546475e-05,
       -1.25212266e-05,  1.20672144e-07, -8.91869394e-08, -1.15164789e-08,
       -1.15013631e-08, -1.52255608e-02, -2.13311283e-02, -3.59340471e-04,
       -1.96108408e-02, -4.14476353e-05, -5.25274180e-05,  2.10751707e-07,
       -1.71677978e-07, -2.00789878e-08,  1.61925516e-07,  9.67847208e-02,
        1.06962863e-01,  4.73728088e-02,  4.41562877e-02, -1.41873830e-04,
       -1.03433530e-04,  2.08693532e-07, -3.10416790e-07, -4.68821439e-08,
        1.77121804e-07,  1.49602512e+00,  6.80233331e-02,  8.41212518e-03,
       -1.13639147e-02, -1.65214800e-04, -5.79843081e-05,  3.03806138e-07,
       -2.36141357e-07,  9.50844595e-08, -2.78175647e-08,  1.79889460e-07,
       -6.57618348e-08,  5.83995572e-07, -3.23621274e-07, -4.71396336e-04,
        4.05920914e-04, -1.62710434e-01, -2.62023858e-01, -1.56434671e+00,
        3.47658431e-07, -1.43181151e-07,  1.27472136e-06, -1.84483122e-07,
       -2.91134187e-04,  5.88577385e-04, -2.51451592e-01, -9.94161491e-02,
       -8.68536424e-02,  3.14100694e-07, -2.50754409e-07,  5.51504733e-07,
       -1.36371318e-07, -2.02177795e-04,  2.31230702e-04, -1.39556344e-02,
       -3.44902338e-03,  2.29160442e-02,  2.52509770e-07, -1.64190803e-07,
        3.06986477e-07,  4.26136529e-08, -5.84313536e-05,  6.93083844e-05,
       -1.70526155e-02,  4.32669508e-03, -5.74945873e-03,  1.61289297e-07,
       -1.26496893e-07,  1.51970816e-07,  1.52100643e-08, -7.68597176e-05,
        1.24360182e-05, -1.17589252e-05, -3.74520146e-05, -1.63319692e-05,
        8.07293279e-08, -7.31842128e-08,  6.66719807e-08,  4.72459267e-08,
       -4.26668702e-05,  2.59664212e-05,  2.03129994e-05, -1.18465532e-05,
       -7.83743835e-06,  2.31535741e-08, -2.49982986e-08,  3.03531988e-08,
        6.22844545e-08, -2.47892350e-08,  1.00806289e-08,  3.10652887e-08,
        1.83602034e-08,  1.57071632e-08,  1.50822403e-08, -2.15580377e-08,
       -5.34335726e-08,  1.69034261e-08, -3.83143489e-08, -2.63439868e-08,
       -1.46157193e-08, -2.57026805e-08, -1.78609197e-08,  3.22539642e-08,
       -2.87671349e-09,  5.11323355e-09,  1.96526229e-08,  1.85579686e-09,
        6.26587293e-09,  1.08271604e-08,  6.26638133e-09,  3.64507388e-09,
        6.89417681e-09, -1.77955952e-08, -6.97507774e-09,  2.85082462e-09,
       -1.31298388e-08, -7.08888474e-09, -3.04659923e-10, -4.12860756e-09,
       -1.60741051e-09], dtype=float64),
  'x_scale': 'auto',
  'y': Array([0.], dtype=float64)}
