Pre-optimization QS value:0.12504481338464268Pre-optimization quadcoil value:0.4892269054944515Post-optimization QS value:0.12499431005717579Post-optimization quadcoil value:0.4891038382221111=== Optimization Result ===
{ 'Objective values': { 'Fixed current profile error: ': [ { 'f': Array(0., dtype=float64),
                                                             'f0': Array(0., dtype=float64)}],
                        'Fixed pressure profile error: ': [ { 'f': Array(0., dtype=float64),
                                                              'f0': Array(0., dtype=float64)}],
                        'Force error: ': [ { 'f0_max': Array(204.52910512, dtype=float64),
                                             'f0_max_norm': Array(0.00033448, dtype=float64),
                                             'f0_mean': Array(0.79892054, dtype=float64),
                                             'f0_mean_norm': Array(1.30651698e-06, dtype=float64),
                                             'f0_min': Array(7.78416423e-06, dtype=float64),
                                             'f0_min_norm': Array(1.27298552e-11, dtype=float64),
                                             'f_max': Array(205.29419332, dtype=float64),
                                             'f_max_norm': Array(0.00033573, dtype=float64),
                                             'f_mean': Array(0.79888529, dtype=float64),
                                             'f_mean_norm': Array(1.30645933e-06, dtype=float64),
                                             'f_min': Array(7.48144542e-06, dtype=float64),
                                             'f_min_norm': Array(1.22348031e-11, dtype=float64)}],
                        'Plasma volume: ': [ { 'f': Array(551.58063641, dtype=float64),
                                               'f0': Array(551.58062348, dtype=float64),
                                               'f0_norm': Array(0.09907174, dtype=float64),
                                               'f_norm': Array(0.09907255, dtype=float64)}],
                        'Quadcoil boundary error: ': [ { 'f0_max': Array(0.0162596, dtype=float64),
                                                         'f0_max_norm': Array(0.02905603, dtype=float64),
                                                         'f0_mean': Array(0.00087329, dtype=float64),
                                                         'f0_mean_norm': Array(0.00156057, dtype=float64),
                                                         'f0_min': Array(6.07718424e-16, dtype=float64),
                                                         'f0_min_norm': Array(1.08599735e-15, dtype=float64),
                                                         'f_max': Array(0.01627327, dtype=float64),
                                                         'f_max_norm': Array(0.02908046, dtype=float64),
                                                         'f_mean': Array(0.00087326, dtype=float64),
                                                         'f_mean_norm': Array(0.00156052, dtype=float64),
                                                         'f_min': Array(6.0771866e-16, dtype=float64),
                                                         'f_min_norm': Array(1.08599777e-15, dtype=float64)}],
                        'Quasi-symmetry (1,0) two-term error: ': [ { 'f0_max': Array(0.00010134, dtype=float64),
                                                                     'f0_max_norm': Array(0.24245535, dtype=float64),
                                                                     'f0_mean': Array(3.24742786e-06, dtype=float64),
                                                                     'f0_mean_norm': Array(0.00776983, dtype=float64),
                                                                     'f0_min': Array(-0.00010253, dtype=float64),
                                                                     'f0_min_norm': Array(-0.24530344, dtype=float64),
                                                                     'f_max': Array(0.00010134, dtype=float64),
                                                                     'f_max_norm': Array(0.24245623, dtype=float64),
                                                                     'f_mean': Array(3.2473203e-06, dtype=float64),
                                                                     'f_mean_norm': Array(0.00776957, dtype=float64),
                                                                     'f_min': Array(-0.00010253, dtype=float64),
                                                                     'f_min_norm': Array(-0.24530293, dtype=float64)}],
                        'R boundary error: ': [ { 'f': Array(0., dtype=float64),
                                                  'f0': Array(0., dtype=float64)}],
                        'Rotational transform: ': [ { 'f0_max': Array(-0.09044106, dtype=float64),
                                                      'f0_mean': Array(-0.09044106, dtype=float64),
                                                      'f0_min': Array(-0.09044106, dtype=float64),
                                                      'f_max': Array(-0.09043197, dtype=float64),
                                                      'f_mean': Array(-0.09043197, dtype=float64),
                                                      'f_min': Array(-0.09043197, dtype=float64)},
                                                    { 'f0_max': Array(-0.03999447, dtype=float64),
                                                      'f0_mean': Array(-0.03999447, dtype=float64),
                                                      'f0_min': Array(-0.03999447, dtype=float64),
                                                      'f_max': Array(-0.03991028, dtype=float64),
                                                      'f_mean': Array(-0.03991028, dtype=float64),
                                                      'f_min': Array(-0.03991028, dtype=float64)}],
                        'Total (sum of squares)': { 'f': Array(25.74665619, dtype=float64),
                                                    'f0': Array(25.7540871, dtype=float64)},
                        'Z boundary error: ': [ { 'f': Array(0., dtype=float64),
                                                  'f0': Array(0., dtype=float64)}]},
  'alltr': [ Array(0.01561827, dtype=float64),
             np.float64(0.003904567093276402),
             np.float64(0.0009761417733191006),
             np.float64(0.00024403544332977518),
             np.float64(6.100886083244379e-05),
             np.float64(0.00024403544332977518)],
  'allx': [ Array([0., 0., 0., ..., 0., 0., 0.], dtype=float64),
            Array([0., 0., 0., ..., 0., 0., 0.], dtype=float64)],
  'constr_violation': Array(0., dtype=float64),
  'cost': Array(25.74665619, dtype=float64),
  'f0se': Array([ 9.90717424e-02, -5.71309987e+00, -4.19884202e+00, ...,
        7.22695192e-03,  4.57443144e-03,  1.94963960e-03], dtype=float64),
  'fse': Array([ 9.90725530e-02, -5.71295912e+00, -4.19730851e+00, ...,
        7.22114490e-03,  4.56680328e-03,  1.94374955e-03], dtype=float64),
  'fun': Array([ 9.90725530e-02, -5.71295912e+00, -4.19730851e+00, ...,
        7.22114490e-03,  4.56680328e-03,  1.94374955e-03], dtype=float64),
  'history': [ [ { 'G': Array([], shape=(0,), dtype=float64),
                   'I': Array([], shape=(0,), dtype=float64),
                   'L_lmn': Array([-1.39805001e-08,  3.24785712e-07,  1.03936206e-06, ...,
        9.89308713e-08, -8.51905872e-08,  2.54387620e-07], dtype=float64),
                   'Phi_mn': Array([], shape=(0,), dtype=float64),
                   'Psi': Array([0.56954665], dtype=float64),
                   'R_lmn': Array([ 2.25585660e-07, -5.55656639e-07,  1.85807473e-06, ...,
       -1.37365061e-07, -1.74972906e-07,  0.00000000e+00], dtype=float64),
                   'Ra_n': Array([ 8.19002201e+00,  1.57161985e+00,  7.82381792e-02, -3.50007161e-03,
        9.58943577e-04,  4.19100085e-04,  2.92910823e-05, -1.04512822e-05,
       -5.31917036e-06, -1.78869573e-06, -1.12293033e-06, -6.14748639e-07,
       -3.82088218e-07, -3.34084231e-07, -2.28796406e-07, -7.10378288e-08,
       -4.50074435e-08], dtype=float64),
                   'Rb_lmn': Array([ 0.00000000e+00,  0.00000000e+00,  0.00000000e+00,  0.00000000e+00,
        0.00000000e+00,  0.00000000e+00,  0.00000000e+00,  0.00000000e+00,
        0.00000000e+00,  0.00000000e+00,  0.00000000e+00,  0.00000000e+00,
        0.00000000e+00,  0.00000000e+00,  0.00000000e+00,  0.00000000e+00,
        0.00000000e+00,  0.00000000e+00,  0.00000000e+00,  0.00000000e+00,
        0.00000000e+00,  0.00000000e+00,  0.00000000e+00,  0.00000000e+00,
        0.00000000e+00,  0.00000000e+00,  0.00000000e+00,  0.00000000e+00,
        0.00000000e+00,  0.00000000e+00,  0.00000000e+00,  0.00000000e+00,
        0.00000000e+00,  0.00000000e+00,  0.00000000e+00,  0.00000000e+00,
        0.00000000e+00,  0.00000000e+00,  0.00000000e+00,  0.00000000e+00,
        0.00000000e+00,  0.00000000e+00,  0.00000000e+00,  0.00000000e+00,
        0.00000000e+00,  0.00000000e+00,  0.00000000e+00,  0.00000000e+00,
        0.00000000e+00,  0.00000000e+00,  0.00000000e+00,  0.00000000e+00,
        0.00000000e+00,  0.00000000e+00,  0.00000000e+00,  0.00000000e+00,
        0.00000000e+00,  0.00000000e+00,  0.00000000e+00,  0.00000000e+00,
        0.00000000e+00,  0.00000000e+00,  0.00000000e+00,  0.00000000e+00,
        0.00000000e+00,  0.00000000e+00,  0.00000000e+00,  0.00000000e+00,
        0.00000000e+00,  0.00000000e+00,  0.00000000e+00,  0.00000000e+00,
        0.00000000e+00,  0.00000000e+00,  0.00000000e+00,  0.00000000e+00,
        0.00000000e+00,  0.00000000e+00,  0.00000000e+00,  0.00000000e+00,
        0.00000000e+00,  0.00000000e+00,  0.00000000e+00,  0.00000000e+00,
        0.00000000e+00, -7.88606065e-09, -4.77669778e-09, -1.28630779e-08,
       -3.17725141e-09, -7.41312485e-09, -7.63400271e-09, -3.10004122e-09,
       -7.09016590e-09, -4.31377484e-09, -5.07449269e-09, -1.05729068e-08,
        0.00000000e+00,  0.00000000e+00,  0.00000000e+00,  0.00000000e+00,
        0.00000000e+00, -2.27385773e-09,  1.61931323e-08,  6.98876245e-09,
        1.19513396e-08,  7.79443900e-09,  7.04212180e-09,  9.02784442e-09,
        5.42361161e-09,  8.25864315e-09,  9.22549721e-09,  1.17019357e-08,
        0.00000000e+00,  0.00000000e+00,  0.00000000e+00,  0.00000000e+00,
        0.00000000e+00, -3.52870131e-08, -2.28138386e-09, -1.59147503e-08,
       -1.84970166e-08, -1.83943189e-08, -1.65890651e-08, -1.22816162e-08,
       -1.67318377e-08, -1.23039494e-08, -1.59470414e-08, -2.95262582e-08,
        0.00000000e+00,  0.00000000e+00,  0.00000000e+00,  0.00000000e+00,
        0.00000000e+00, -3.76315098e-08,  9.26404298e-09,  3.77312199e-08,
        2.31633447e-09,  2.03751963e-08,  2.02664431e-08,  2.53972838e-08,
        1.36845610e-08,  2.24136407e-08,  2.12228746e-08,  2.65556256e-08,
        0.00000000e+00,  0.00000000e+00,  0.00000000e+00,  0.00000000e+00,
        0.00000000e+00, -4.11846727e-08,  4.22866248e-09,  6.17114581e-08,
       -2.61280721e-08,  1.32057396e-08, -2.65308896e-08, -1.58397598e-09,
       -6.29147124e-08, -2.93262863e-08, -4.67849853e-08, -7.22352148e-08,
        0.00000000e+00,  0.00000000e+00,  0.00000000e+00,  0.00000000e+00,
        0.00000000e+00, -9.79505797e-08, -4.43507626e-08,  7.13975723e-08,
       -7.14798276e-08, -1.66057532e-08, -5.39142535e-08, -1.15036434e-08,
       -5.87625732e-08,  2.38000166e-08,  8.02814316e-10, -1.20370474e-08,
        0.00000000e+00,  0.00000000e+00,  0.00000000e+00,  0.00000000e+00,
        0.00000000e+00, -1.25799857e-07, -3.09146996e-08,  1.97901866e-07,
       -3.54012870e-08,  1.28812480e-07,  2.73802799e-08,  4.44449416e-05,
        2.15399166e-05,  3.46513912e-05,  2.66934937e-05,  2.32759137e-05,
        0.00000000e+00,  0.00000000e+00,  0.00000000e+00,  0.00000000e+00,
        0.00000000e+00, -1.73503049e-07, -2.52471823e-09,  2.21161250e-07,
       -2.29294754e-07,  2.12646561e-08, -2.07872845e-07, -3.32911488e-05,
       -4.99126778e-05, -3.45306709e-05, -3.80937658e-05, -6.81132154e-05,
        0.00000000e+00,  0.00000000e+00,  0.00000000e+00,  0.00000000e+00,
        0.00000000e+00, -1.76619832e-07,  2.38976888e-07,  4.90550567e-07,
       -2.39049078e-07,  4.75160880e-07,  1.02790976e-09,  8.94437095e-05,
        6.14266491e-05, -1.52839596e-02, -1.71726620e-02,  2.41509764e-02,
        0.00000000e+00,  0.00000000e+00,  0.00000000e+00,  0.00000000e+00,
        0.00000000e+00, -2.25182211e-07,  3.94058351e-07,  5.13386217e-07,
       -5.38867338e-07,  3.86223452e-07, -5.73346968e-07, -7.04116018e-05,
       -7.89700563e-05, -7.11207961e-03, -1.85570173e-03,  1.19820177e-01,
        0.00000000e+00,  0.00000000e+00,  0.00000000e+00,  0.00000000e+00,
        0.00000000e+00, -3.96533881e-07,  6.57253919e-07,  9.36423775e-07,
       -5.68626753e-07,  1.46664398e-06, -2.05756832e-07,  2.38850557e-04,
        3.02604839e-04, -3.79941458e-02, -3.43382948e-02, -5.62052829e-02,
        8.00000000e+00,  1.93752415e+00,  3.05555815e-01,  3.42402771e-03,
       -1.88128092e-04,  8.39013832e-04, -9.76620369e-07,  1.01632826e-07,
        7.96768268e-07, -6.23754878e-07,  2.45602112e-07, -2.22042071e-07,
        0.00000000e+00,  0.00000000e+00,  0.00000000e+00,  0.00000000e+00,
        0.00000000e+00,  1.34454961e+00, -2.55082884e-02,  3.81862282e-01,
        1.58723186e-01, -4.47602708e-04,  2.89673519e-04, -1.29627522e-06,
       -1.32835616e-07,  7.07019510e-07, -7.35608199e-07,  2.63272882e-07,
       -2.34139011e-07,  0.00000000e+00,  0.00000000e+00,  0.00000000e+00,
        0.00000000e+00,  0.00000000e+00, -1.28546414e-03, -4.17201123e-02,
        8.19049287e-02, -4.59685558e-02,  4.08580531e-05,  3.14901900e-04,
       -1.75985829e-07,  3.32855455e-07,  5.40428016e-07, -6.57780768e-07,
        3.48605273e-07, -2.91470079e-07,  0.00000000e+00,  0.00000000e+00,
        0.00000000e+00,  0.00000000e+00,  0.00000000e+00, -2.24675332e-02,
        6.64209470e-03,  1.33002702e-02, -3.50276721e-03, -1.05507196e-04,
       -3.15689376e-05, -2.74094905e-07, -1.14006492e-07,  5.11507952e-08,
       -4.17814377e-07,  3.31089810e-07, -3.25057016e-07,  0.00000000e+00,
        0.00000000e+00,  0.00000000e+00,  0.00000000e+00,  0.00000000e+00,
        1.71036148e-05,  2.00083789e-05,  2.85727214e-05,  4.25157070e-05,
        4.36001811e-05,  7.21969100e-05,  7.26761172e-08,  1.45665658e-07,
        9.07318109e-08, -2.65392002e-09,  1.55136595e-07, -1.45539575e-07,
        0.00000000e+00,  0.00000000e+00,  0.00000000e+00,  0.00000000e+00,
        0.00000000e+00, -6.02256699e-06, -4.88024730e-06, -1.06689017e-05,
       -2.05254439e-05, -3.60244862e-05, -2.96014916e-05, -9.72346374e-08,
       -6.42556854e-08, -6.53761493e-08, -6.34390995e-08, -4.93535947e-08,
       -9.13270372e-08,  0.00000000e+00,  0.00000000e+00,  0.00000000e+00,
        0.00000000e+00,  0.00000000e+00, -1.62027273e-08, -1.68907263e-08,
       -1.91489468e-08, -1.33172340e-08,  1.08857925e-09,  2.30555924e-08,
        2.74883217e-08,  7.61215496e-08,  2.62449942e-09,  4.66545007e-08,
       -4.01314258e-08, -2.06737410e-08,  0.00000000e+00,  0.00000000e+00,
        0.00000000e+00,  0.00000000e+00,  0.00000000e+00,  1.87458950e-08,
        2.05566456e-08,  2.51100224e-08,  3.08351992e-08,  4.19292318e-08,
        4.48816666e-08,  2.93126436e-08,  4.56989515e-08, -1.78721238e-08,
        2.02491825e-08, -6.36643140e-08,  1.58116153e-08,  0.00000000e+00,
        0.00000000e+00,  0.00000000e+00,  0.00000000e+00,  0.00000000e+00,
       -9.72026899e-09, -1.04102168e-08, -1.18423427e-08, -1.50017586e-08,
       -1.72954832e-08, -2.24987432e-08, -2.50161139e-08, -1.92899071e-08,
       -3.20164962e-08,  2.02536606e-08, -5.23224018e-08,  4.35620747e-08,
        0.00000000e+00,  0.00000000e+00,  0.00000000e+00,  0.00000000e+00,
        0.00000000e+00,  7.34793968e-09,  7.75833934e-09,  9.33852643e-09,
        1.03417195e-08,  1.30755285e-08,  1.47341390e-08,  1.68927782e-08,
        2.10974075e-08,  1.31348462e-08,  4.37108733e-08, -2.40349714e-08,
        4.70921593e-08,  0.00000000e+00,  0.00000000e+00,  0.00000000e+00,
        0.00000000e+00,  0.00000000e+00, -2.13894706e-09, -2.41142114e-09,
       -2.87724307e-09, -4.25004224e-09, -5.33459068e-09, -6.30444475e-09,
       -8.00002280e-09, -7.25183749e-09, -1.20659813e-08,  1.59999691e-10,
       -3.09319792e-08,  1.84000970e-08,  0.00000000e+00,  0.00000000e+00,
        0.00000000e+00,  0.00000000e+00,  0.00000000e+00, -3.03296950e-11,
        5.23955300e-11,  6.35563847e-10,  1.14169679e-09,  2.09745316e-09,
        4.48050559e-09,  4.49146964e-09,  6.37031385e-09,  5.37487223e-09,
        1.28838148e-08, -5.74612493e-09,  2.45973043e-08,  0.00000000e+00,
        0.00000000e+00,  0.00000000e+00,  0.00000000e+00,  0.00000000e+00,
        0.00000000e+00,  0.00000000e+00,  0.00000000e+00,  0.00000000e+00,
        0.00000000e+00,  0.00000000e+00,  0.00000000e+00,  0.00000000e+00,
        0.00000000e+00,  0.00000000e+00,  0.00000000e+00,  0.00000000e+00,
        0.00000000e+00,  0.00000000e+00,  0.00000000e+00,  0.00000000e+00,
        0.00000000e+00,  0.00000000e+00,  0.00000000e+00,  0.00000000e+00,
        0.00000000e+00,  0.00000000e+00,  0.00000000e+00,  0.00000000e+00,
        0.00000000e+00,  0.00000000e+00,  0.00000000e+00,  0.00000000e+00,
        0.00000000e+00,  0.00000000e+00,  0.00000000e+00,  0.00000000e+00,
        0.00000000e+00,  0.00000000e+00,  0.00000000e+00,  0.00000000e+00,
        0.00000000e+00,  0.00000000e+00,  0.00000000e+00,  0.00000000e+00,
        0.00000000e+00,  0.00000000e+00,  0.00000000e+00,  0.00000000e+00,
        0.00000000e+00,  0.00000000e+00,  0.00000000e+00,  0.00000000e+00,
        0.00000000e+00,  0.00000000e+00,  0.00000000e+00,  0.00000000e+00,
        0.00000000e+00,  0.00000000e+00,  0.00000000e+00,  0.00000000e+00,
        0.00000000e+00,  0.00000000e+00,  0.00000000e+00,  0.00000000e+00,
        0.00000000e+00,  0.00000000e+00,  0.00000000e+00,  0.00000000e+00,
        0.00000000e+00,  0.00000000e+00,  0.00000000e+00,  0.00000000e+00,
        0.00000000e+00,  0.00000000e+00,  0.00000000e+00,  0.00000000e+00,
        0.00000000e+00,  0.00000000e+00,  0.00000000e+00,  0.00000000e+00,
        0.00000000e+00,  0.00000000e+00,  0.00000000e+00,  0.00000000e+00,
        0.00000000e+00,  0.00000000e+00,  0.00000000e+00,  0.00000000e+00,
        0.00000000e+00], dtype=float64),
                   'Te_l': Array([], shape=(0,), dtype=float64),
                   'Ti_l': Array([], shape=(0,), dtype=float64),
                   'Z_lmn': Array([-2.70216626e-07, -5.53851095e-08, -2.77566138e-07, ...,
       -3.41991307e-08,  9.32795296e-08, -1.38016394e-07], dtype=float64),
                   'Za_n': Array([ 1.75191460e-07,  1.85697346e-07,  3.22733789e-07,  4.01421898e-07,
        5.72469610e-07,  6.19781179e-07,  7.94221722e-07,  9.52172448e-07,
        4.02215513e-07, -5.95267697e-06, -6.66733984e-05, -1.14039984e-05,
        2.08879937e-03,  8.53550457e-03,  1.01027532e-01,  1.44278541e+00],      dtype=float64),
                   'Zb_lmn': Array([ 0.00000000e+00,  0.00000000e+00,  0.00000000e+00,  0.00000000e+00,
        0.00000000e+00,  0.00000000e+00,  0.00000000e+00,  0.00000000e+00,
        0.00000000e+00,  0.00000000e+00,  0.00000000e+00,  0.00000000e+00,
        0.00000000e+00,  0.00000000e+00,  0.00000000e+00,  0.00000000e+00,
        0.00000000e+00,  0.00000000e+00,  0.00000000e+00,  0.00000000e+00,
        0.00000000e+00,  0.00000000e+00,  0.00000000e+00,  0.00000000e+00,
        0.00000000e+00,  0.00000000e+00,  0.00000000e+00,  0.00000000e+00,
        0.00000000e+00,  0.00000000e+00,  0.00000000e+00,  0.00000000e+00,
        0.00000000e+00,  0.00000000e+00,  0.00000000e+00,  0.00000000e+00,
        0.00000000e+00,  0.00000000e+00,  0.00000000e+00,  0.00000000e+00,
        0.00000000e+00,  0.00000000e+00,  0.00000000e+00,  0.00000000e+00,
        0.00000000e+00,  0.00000000e+00,  0.00000000e+00,  0.00000000e+00,
        0.00000000e+00,  0.00000000e+00,  0.00000000e+00,  0.00000000e+00,
        0.00000000e+00,  0.00000000e+00,  0.00000000e+00,  0.00000000e+00,
        0.00000000e+00,  0.00000000e+00,  0.00000000e+00,  0.00000000e+00,
        0.00000000e+00,  0.00000000e+00,  0.00000000e+00,  0.00000000e+00,
        0.00000000e+00,  0.00000000e+00,  0.00000000e+00,  0.00000000e+00,
        0.00000000e+00,  0.00000000e+00,  0.00000000e+00,  0.00000000e+00,
        0.00000000e+00,  0.00000000e+00,  0.00000000e+00,  0.00000000e+00,
        0.00000000e+00,  0.00000000e+00,  0.00000000e+00,  0.00000000e+00,
        0.00000000e+00,  0.00000000e+00,  0.00000000e+00,  0.00000000e+00,
        0.00000000e+00,  5.39817892e-09,  9.80683062e-09,  6.43058627e-09,
        9.90555661e-09,  8.11227278e-09,  1.53870053e-09,  1.39046114e-08,
       -5.36409757e-09,  7.85739546e-09, -1.00312464e-08, -5.22701357e-09,
        2.25347965e-08,  0.00000000e+00,  0.00000000e+00,  0.00000000e+00,
        0.00000000e+00,  0.00000000e+00, -6.44273044e-09, -1.03080198e-08,
       -9.48528855e-09, -3.03275369e-09, -4.88241162e-10, -6.05464646e-09,
        1.16456286e-08, -4.37726827e-09,  5.60465079e-09,  3.83955188e-09,
        2.28857204e-08,  2.25877369e-08,  0.00000000e+00,  0.00000000e+00,
        0.00000000e+00,  0.00000000e+00,  0.00000000e+00,  9.89023637e-09,
        1.69500313e-08,  3.81621915e-09, -3.95549544e-09, -1.22744759e-08,
       -2.32119115e-08,  7.43353565e-09, -3.32527871e-08, -1.65866381e-08,
       -1.39111081e-08,  2.36773646e-09, -4.65475480e-09,  0.00000000e+00,
        0.00000000e+00,  0.00000000e+00,  0.00000000e+00,  0.00000000e+00,
       -8.45737533e-09, -1.01769629e-08,  7.47535863e-09,  2.21077789e-08,
        2.46364886e-08,  9.59022495e-09,  4.03799189e-08, -1.10648200e-09,
        2.45218378e-08,  5.63528416e-08,  5.41544740e-08, -4.06903807e-08,
        0.00000000e+00,  0.00000000e+00,  0.00000000e+00,  0.00000000e+00,
        0.00000000e+00,  1.10853129e-09, -2.04474587e-08, -4.37341520e-08,
       -4.18800108e-08, -3.83206460e-08, -6.84771985e-08,  7.46641380e-09,
       -8.17980372e-08, -3.26703246e-08, -2.41785130e-08,  1.11914541e-07,
       -1.91531696e-07,  0.00000000e+00,  0.00000000e+00,  0.00000000e+00,
        0.00000000e+00,  0.00000000e+00,  2.15154207e-08,  6.70793562e-08,
        4.60301651e-08,  5.43311519e-08,  3.17267053e-08,  2.23004959e-08,
        1.06474296e-07, -4.28106729e-08,  5.58720674e-08, -9.81249681e-08,
        2.19323766e-07, -2.54514159e-07,  0.00000000e+00,  0.00000000e+00,
        0.00000000e+00,  0.00000000e+00,  0.00000000e+00, -2.36777520e-05,
       -5.06157793e-05, -2.44580499e-05, -1.25443860e-05, -2.79978161e-05,
       -4.45964974e-05,  4.72757587e-08, -1.10055747e-07,  8.48668142e-09,
       -1.86115261e-07,  2.92688547e-07, -3.10090339e-07,  0.00000000e+00,
        0.00000000e+00,  0.00000000e+00,  0.00000000e+00,  0.00000000e+00,
        2.67404644e-05,  6.21785608e-05,  1.05889507e-07, -3.39312546e-06,
       -2.28678941e-05, -1.25291320e-05,  1.89244120e-07, -1.36389086e-07,
       -3.63607164e-08, -2.63240107e-08,  1.99502986e-07, -2.75598403e-07,
        0.00000000e+00,  0.00000000e+00,  0.00000000e+00,  0.00000000e+00,
        0.00000000e+00, -1.52255853e-02, -2.13311926e-02, -3.59300982e-04,
       -1.96107805e-02, -4.14782552e-05, -5.25570448e-05,  3.31073376e-07,
       -2.67652872e-07, -5.92410014e-08,  4.47747649e-07, -2.54179784e-07,
        3.32290000e-07,  0.00000000e+00,  0.00000000e+00,  0.00000000e+00,
        0.00000000e+00,  0.00000000e+00,  9.67847514e-02,  1.06962765e-01,
        4.73727535e-02,  4.41562831e-02, -1.41956932e-04, -1.03485363e-04,
        3.29553977e-07, -4.89773377e-07, -1.38533247e-07,  5.09183494e-07,
       -4.78354002e-07,  3.83180094e-07,  0.00000000e+00,  0.00000000e+00,
        0.00000000e+00,  0.00000000e+00,  0.00000000e+00,  1.49602494e+00,
        6.80233008e-02,  8.41232515e-03, -1.13636416e-02, -1.65328492e-04,
       -5.80262932e-05,  4.79144581e-07, -3.72107714e-07,  2.46573448e-07,
       -4.11676133e-08, -2.39937921e-08,  3.29595586e-07,  0.00000000e+00,
        0.00000000e+00,  0.00000000e+00,  0.00000000e+00,  0.00000000e+00,
        0.00000000e+00,  0.00000000e+00,  0.00000000e+00,  0.00000000e+00,
        0.00000000e+00,  3.30693742e-07, -3.52476167e-07,  5.10393963e-07,
       -1.78581554e-07,  9.11781443e-07, -5.05037505e-07, -4.71668759e-04,
        4.06183077e-04, -1.62710498e-01, -2.62023931e-01, -1.56434677e+00,
        0.00000000e+00,  0.00000000e+00,  0.00000000e+00,  0.00000000e+00,
        0.00000000e+00, -2.60490028e-07, -8.43867972e-08,  9.73377704e-07,
       -4.04747397e-07,  2.01058337e-06, -2.80488404e-07, -2.91328484e-04,
        5.88921298e-04, -2.51451753e-01, -9.94161810e-02, -8.68536429e-02,
        0.00000000e+00,  0.00000000e+00,  0.00000000e+00,  0.00000000e+00,
        0.00000000e+00, -7.85286001e-07,  1.96229099e-07,  8.62506364e-07,
       -6.85323524e-07,  8.73879790e-07, -2.11809961e-07, -2.02304445e-04,
        2.31368157e-04, -1.39556071e-02, -3.44907407e-03,  2.29160185e-02,
        0.00000000e+00,  0.00000000e+00,  0.00000000e+00,  0.00000000e+00,
        0.00000000e+00, -1.98896553e-07, -7.60125555e-08,  6.86174658e-07,
       -4.47905805e-07,  4.86806521e-07,  6.83691960e-08, -5.84727088e-05,
        6.93430200e-05, -1.70526180e-02,  4.32671833e-03, -5.74944011e-03,
        0.00000000e+00,  0.00000000e+00,  0.00000000e+00,  0.00000000e+00,
        0.00000000e+00,  6.59055312e-08, -2.03933993e-07,  4.38507214e-07,
       -3.43660136e-07,  2.41482479e-07,  2.46307224e-08, -7.69026114e-05,
        1.24422525e-05, -1.17634560e-05, -3.74772165e-05, -1.63423515e-05,
        0.00000000e+00,  0.00000000e+00,  0.00000000e+00,  0.00000000e+00,
        0.00000000e+00,  9.60149280e-09, -8.78069913e-08,  2.21550417e-07,
       -1.97328131e-07,  1.04255237e-07,  7.52434260e-08, -4.26938520e-05,
        2.59760392e-05,  2.03261325e-05, -1.18537920e-05, -7.84170999e-06,
        0.00000000e+00,  0.00000000e+00,  0.00000000e+00,  0.00000000e+00,
        0.00000000e+00, -9.61886078e-08, -1.16879500e-08,  6.21182819e-08,
       -6.60332531e-08,  4.72172993e-08,  9.92561203e-08, -3.94310826e-08,
        1.54117653e-08,  4.95668101e-08,  2.89604715e-08,  2.47787336e-08,
        0.00000000e+00,  0.00000000e+00,  0.00000000e+00,  0.00000000e+00,
        0.00000000e+00,  4.05690392e-08, -7.63174668e-08,  4.12608363e-08,
       -5.70210777e-08, -8.62046249e-08,  2.82993297e-08, -6.10241095e-08,
       -4.23303178e-08, -2.25705586e-08, -4.07116312e-08, -2.82889369e-08,
        0.00000000e+00,  0.00000000e+00,  0.00000000e+00,  0.00000000e+00,
        0.00000000e+00,  1.29210280e-07, -4.67331598e-08,  8.49499791e-08,
       -5.44122796e-09,  1.33194875e-08,  5.20307093e-08,  5.39218944e-09,
        1.67031849e-08,  2.89439061e-08,  1.68273633e-08,  9.75929755e-09,
        0.00000000e+00,  0.00000000e+00,  0.00000000e+00,  0.00000000e+00,
        0.00000000e+00,  8.95329522e-08, -4.87591522e-08,  1.82164330e-08,
       -4.68602475e-08, -1.86261222e-08,  7.45161838e-09, -3.51584818e-08,
       -1.90032658e-08, -7.56027090e-10, -1.11088200e-08, -4.31815033e-09,
        0.00000000e+00,  0.00000000e+00,  0.00000000e+00,  0.00000000e+00,
        0.00000000e+00,  7.73104432e-08, -8.35158467e-09,  2.55811305e-08,
       -1.08925056e-08,  4.40859446e-09,  1.87354054e-08, -7.74559282e-09,
       -3.73633090e-10,  3.82792242e-09, -5.33669258e-09, -2.27466819e-09,
        0.00000000e+00,  0.00000000e+00,  0.00000000e+00,  0.00000000e+00,
        0.00000000e+00,  3.79241134e-08, -1.09416015e-08,  2.41763078e-08,
       -2.30052280e-08,  1.70627465e-09,  2.30043998e-08, -1.01264086e-08,
        3.55664362e-09,  1.20910934e-08,  3.35930639e-09,  3.26572948e-09,
        0.00000000e+00,  0.00000000e+00,  0.00000000e+00,  0.00000000e+00,
        0.00000000e+00,  0.00000000e+00,  0.00000000e+00,  0.00000000e+00,
        0.00000000e+00,  0.00000000e+00,  0.00000000e+00,  0.00000000e+00,
        0.00000000e+00,  0.00000000e+00,  0.00000000e+00,  0.00000000e+00,
        0.00000000e+00,  0.00000000e+00,  0.00000000e+00,  0.00000000e+00,
        0.00000000e+00,  0.00000000e+00,  0.00000000e+00,  0.00000000e+00,
        0.00000000e+00,  0.00000000e+00,  0.00000000e+00,  0.00000000e+00,
        0.00000000e+00,  0.00000000e+00,  0.00000000e+00,  0.00000000e+00,
        0.00000000e+00,  0.00000000e+00,  0.00000000e+00,  0.00000000e+00,
        0.00000000e+00,  0.00000000e+00,  0.00000000e+00,  0.00000000e+00,
        0.00000000e+00,  0.00000000e+00,  0.00000000e+00,  0.00000000e+00,
        0.00000000e+00,  0.00000000e+00,  0.00000000e+00,  0.00000000e+00,
        0.00000000e+00,  0.00000000e+00,  0.00000000e+00,  0.00000000e+00,
        0.00000000e+00,  0.00000000e+00,  0.00000000e+00,  0.00000000e+00,
        0.00000000e+00,  0.00000000e+00,  0.00000000e+00,  0.00000000e+00,
        0.00000000e+00,  0.00000000e+00,  0.00000000e+00,  0.00000000e+00,
        0.00000000e+00,  0.00000000e+00,  0.00000000e+00,  0.00000000e+00,
        0.00000000e+00,  0.00000000e+00,  0.00000000e+00,  0.00000000e+00,
        0.00000000e+00,  0.00000000e+00,  0.00000000e+00,  0.00000000e+00,
        0.00000000e+00,  0.00000000e+00,  0.00000000e+00,  0.00000000e+00],      dtype=float64),
                   'Zeff_l': Array([], shape=(0,), dtype=float64),
                   'a_lmn': Array([], shape=(0,), dtype=float64),
                   'c_l': Array([0., 0., 0., 0., 0., 0., 0., 0., 0.], dtype=float64),
                   'i_l': Array([], shape=(0,), dtype=float64),
                   'ne_l': Array([], shape=(0,), dtype=float64),
                   'ni_l': Array([], shape=(0,), dtype=float64),
                   'p_l': Array([0., 0., 0., 0., 0., 0., 0., 0., 0.], dtype=float64)}],
               [ { 'G': Array([], shape=(0,), dtype=float64),
                   'I': Array([], shape=(0,), dtype=float64),
                   'L_lmn': Array([-1.39805001e-08,  3.24785712e-07,  1.03936206e-06, ...,
        9.89308713e-08, -8.51905872e-08,  2.54387620e-07], dtype=float64),
                   'Phi_mn': Array([], shape=(0,), dtype=float64),
                   'Psi': Array([0.56954665], dtype=float64),
                   'R_lmn': Array([ 2.25585660e-07, -5.55656639e-07,  1.85807473e-06, ...,
       -1.37365061e-07, -1.74972906e-07,  0.00000000e+00], dtype=float64),
                   'Ra_n': Array([ 8.19002201e+00,  1.57161985e+00,  7.82381792e-02, -3.50007161e-03,
        9.58943577e-04,  4.19100085e-04,  2.92910823e-05, -1.04512822e-05,
       -5.31917036e-06, -1.78869573e-06, -1.12293033e-06, -6.14748639e-07,
       -3.82088218e-07, -3.34084231e-07, -2.28796406e-07, -7.10378288e-08,
       -4.50074435e-08], dtype=float64),
                   'Rb_lmn': Array([ 0.00000000e+00,  0.00000000e+00,  0.00000000e+00,  0.00000000e+00,
        0.00000000e+00,  0.00000000e+00,  0.00000000e+00,  0.00000000e+00,
        0.00000000e+00,  0.00000000e+00,  0.00000000e+00,  0.00000000e+00,
        0.00000000e+00,  0.00000000e+00,  0.00000000e+00,  0.00000000e+00,
        0.00000000e+00,  0.00000000e+00,  0.00000000e+00,  0.00000000e+00,
        0.00000000e+00,  0.00000000e+00,  0.00000000e+00,  0.00000000e+00,
        0.00000000e+00,  0.00000000e+00,  0.00000000e+00,  0.00000000e+00,
        0.00000000e+00,  0.00000000e+00,  0.00000000e+00,  0.00000000e+00,
        0.00000000e+00,  0.00000000e+00,  0.00000000e+00,  0.00000000e+00,
        0.00000000e+00,  0.00000000e+00,  0.00000000e+00,  0.00000000e+00,
        0.00000000e+00,  0.00000000e+00,  0.00000000e+00,  0.00000000e+00,
        0.00000000e+00,  0.00000000e+00,  0.00000000e+00,  0.00000000e+00,
        0.00000000e+00,  0.00000000e+00,  0.00000000e+00,  0.00000000e+00,
        0.00000000e+00,  0.00000000e+00,  0.00000000e+00,  0.00000000e+00,
        0.00000000e+00,  0.00000000e+00,  0.00000000e+00,  0.00000000e+00,
        0.00000000e+00,  0.00000000e+00,  0.00000000e+00,  0.00000000e+00,
        0.00000000e+00,  0.00000000e+00,  0.00000000e+00,  0.00000000e+00,
        0.00000000e+00,  0.00000000e+00,  0.00000000e+00,  0.00000000e+00,
        0.00000000e+00,  0.00000000e+00,  0.00000000e+00,  0.00000000e+00,
        0.00000000e+00,  0.00000000e+00,  0.00000000e+00,  0.00000000e+00,
        0.00000000e+00,  0.00000000e+00,  0.00000000e+00,  0.00000000e+00,
        0.00000000e+00, -7.88606065e-09, -4.77669778e-09, -1.28630779e-08,
       -3.17725141e-09, -7.41312485e-09, -7.63400271e-09, -3.10004122e-09,
       -7.09016590e-09, -4.31377484e-09, -5.07449269e-09, -1.05729068e-08,
        0.00000000e+00,  0.00000000e+00,  0.00000000e+00,  0.00000000e+00,
        0.00000000e+00, -2.27385773e-09,  1.61931323e-08,  6.98876245e-09,
        1.19513396e-08,  7.79443900e-09,  7.04212180e-09,  9.02784442e-09,
        5.42361161e-09,  8.25864315e-09,  9.22549721e-09,  1.17019357e-08,
        0.00000000e+00,  0.00000000e+00,  0.00000000e+00,  0.00000000e+00,
        0.00000000e+00, -3.52870131e-08, -2.28138386e-09, -1.59147503e-08,
       -1.84970166e-08, -1.83943189e-08, -1.65890651e-08, -1.22816162e-08,
       -1.67318377e-08, -1.23039494e-08, -1.59470414e-08, -2.95262582e-08,
        0.00000000e+00,  0.00000000e+00,  0.00000000e+00,  0.00000000e+00,
        0.00000000e+00, -3.76315098e-08,  9.26404298e-09,  3.77312199e-08,
        2.31633447e-09,  2.03751963e-08,  2.02664431e-08,  2.53972838e-08,
        1.36845610e-08,  2.24136407e-08,  2.12228746e-08,  2.65556256e-08,
        0.00000000e+00,  0.00000000e+00,  0.00000000e+00,  0.00000000e+00,
        0.00000000e+00, -4.11846727e-08,  4.22866248e-09,  6.17114581e-08,
       -2.61280721e-08,  1.32057396e-08, -2.65308896e-08, -1.58397598e-09,
       -6.29147124e-08, -2.93262863e-08, -4.67849853e-08, -7.22352148e-08,
        0.00000000e+00,  0.00000000e+00,  0.00000000e+00,  0.00000000e+00,
        0.00000000e+00, -9.79505797e-08, -4.43507626e-08,  7.13975723e-08,
       -7.14798276e-08, -1.66057532e-08, -5.39142535e-08, -1.15036434e-08,
       -5.87625732e-08,  2.38000166e-08,  8.02814316e-10, -1.20370474e-08,
        0.00000000e+00,  0.00000000e+00,  0.00000000e+00,  0.00000000e+00,
        0.00000000e+00, -1.25799857e-07, -3.09146996e-08,  1.97901866e-07,
       -3.54012870e-08,  1.28812480e-07,  2.73802799e-08,  4.44449416e-05,
        2.15399166e-05,  3.46513912e-05,  2.66934937e-05,  2.32759137e-05,
        0.00000000e+00,  0.00000000e+00,  0.00000000e+00,  0.00000000e+00,
        0.00000000e+00, -1.73503049e-07, -2.52471823e-09,  2.21161250e-07,
       -2.29294754e-07,  2.12646561e-08, -2.07872845e-07, -3.32911488e-05,
       -4.99126778e-05, -3.45306709e-05, -3.80937658e-05, -6.81132154e-05,
        0.00000000e+00,  0.00000000e+00,  0.00000000e+00,  0.00000000e+00,
        0.00000000e+00, -1.76619832e-07,  2.38976888e-07,  4.90550567e-07,
       -2.39049078e-07,  4.75160880e-07,  1.02790976e-09,  8.94437095e-05,
        6.14266491e-05, -1.52839596e-02, -1.71726620e-02,  2.41509764e-02,
        0.00000000e+00,  0.00000000e+00,  0.00000000e+00,  0.00000000e+00,
        0.00000000e+00, -2.25182211e-07,  3.94058351e-07,  5.13386217e-07,
       -5.38867338e-07,  3.86223452e-07, -5.73346968e-07, -7.04116018e-05,
       -7.89700563e-05, -7.11207961e-03, -1.85570173e-03,  1.19820177e-01,
        0.00000000e+00,  0.00000000e+00,  0.00000000e+00,  0.00000000e+00,
        0.00000000e+00, -3.96533881e-07,  6.57253919e-07,  9.36423775e-07,
       -5.68626753e-07,  1.46664398e-06, -2.05756832e-07,  2.38850557e-04,
        3.02604839e-04, -3.79941458e-02, -3.43382948e-02, -5.62052829e-02,
        8.00000000e+00,  1.93752415e+00,  3.05555815e-01,  3.42402771e-03,
       -1.88128092e-04,  8.39013832e-04, -9.76620369e-07,  1.01632826e-07,
        7.96768268e-07, -6.23754878e-07,  2.45602112e-07, -2.22042071e-07,
        0.00000000e+00,  0.00000000e+00,  0.00000000e+00,  0.00000000e+00,
        0.00000000e+00,  1.34454961e+00, -2.55082884e-02,  3.81862282e-01,
        1.58723186e-01, -4.47602708e-04,  2.89673519e-04, -1.29627522e-06,
       -1.32835616e-07,  7.07019510e-07, -7.35608199e-07,  2.63272882e-07,
       -2.34139011e-07,  0.00000000e+00,  0.00000000e+00,  0.00000000e+00,
        0.00000000e+00,  0.00000000e+00, -1.28546414e-03, -4.17201123e-02,
        8.19049287e-02, -4.59685558e-02,  4.08580531e-05,  3.14901900e-04,
       -1.75985829e-07,  3.32855455e-07,  5.40428016e-07, -6.57780768e-07,
        3.48605273e-07, -2.91470079e-07,  0.00000000e+00,  0.00000000e+00,
        0.00000000e+00,  0.00000000e+00,  0.00000000e+00, -2.24675332e-02,
        6.64209470e-03,  1.33002702e-02, -3.50276721e-03, -1.05507196e-04,
       -3.15689376e-05, -2.74094905e-07, -1.14006492e-07,  5.11507952e-08,
       -4.17814377e-07,  3.31089810e-07, -3.25057016e-07,  0.00000000e+00,
        0.00000000e+00,  0.00000000e+00,  0.00000000e+00,  0.00000000e+00,
        1.71036148e-05,  2.00083789e-05,  2.85727214e-05,  4.25157070e-05,
        4.36001811e-05,  7.21969100e-05,  7.26761172e-08,  1.45665658e-07,
        9.07318109e-08, -2.65392002e-09,  1.55136595e-07, -1.45539575e-07,
        0.00000000e+00,  0.00000000e+00,  0.00000000e+00,  0.00000000e+00,
        0.00000000e+00, -6.02256699e-06, -4.88024730e-06, -1.06689017e-05,
       -2.05254439e-05, -3.60244862e-05, -2.96014916e-05, -9.72346374e-08,
       -6.42556854e-08, -6.53761493e-08, -6.34390995e-08, -4.93535947e-08,
       -9.13270372e-08,  0.00000000e+00,  0.00000000e+00,  0.00000000e+00,
        0.00000000e+00,  0.00000000e+00, -1.62027273e-08, -1.68907263e-08,
       -1.91489468e-08, -1.33172340e-08,  1.08857925e-09,  2.30555924e-08,
        2.74883217e-08,  7.61215496e-08,  2.62449942e-09,  4.66545007e-08,
       -4.01314258e-08, -2.06737410e-08,  0.00000000e+00,  0.00000000e+00,
        0.00000000e+00,  0.00000000e+00,  0.00000000e+00,  1.87458950e-08,
        2.05566456e-08,  2.51100224e-08,  3.08351992e-08,  4.19292318e-08,
        4.48816666e-08,  2.93126436e-08,  4.56989515e-08, -1.78721238e-08,
        2.02491825e-08, -6.36643140e-08,  1.58116153e-08,  0.00000000e+00,
        0.00000000e+00,  0.00000000e+00,  0.00000000e+00,  0.00000000e+00,
       -9.72026899e-09, -1.04102168e-08, -1.18423427e-08, -1.50017586e-08,
       -1.72954832e-08, -2.24987432e-08, -2.50161139e-08, -1.92899071e-08,
       -3.20164962e-08,  2.02536606e-08, -5.23224018e-08,  4.35620747e-08,
        0.00000000e+00,  0.00000000e+00,  0.00000000e+00,  0.00000000e+00,
        0.00000000e+00,  7.34793968e-09,  7.75833934e-09,  9.33852643e-09,
        1.03417195e-08,  1.30755285e-08,  1.47341390e-08,  1.68927782e-08,
        2.10974075e-08,  1.31348462e-08,  4.37108733e-08, -2.40349714e-08,
        4.70921593e-08,  0.00000000e+00,  0.00000000e+00,  0.00000000e+00,
        0.00000000e+00,  0.00000000e+00, -2.13894706e-09, -2.41142114e-09,
       -2.87724307e-09, -4.25004224e-09, -5.33459068e-09, -6.30444475e-09,
       -8.00002280e-09, -7.25183749e-09, -1.20659813e-08,  1.59999691e-10,
       -3.09319792e-08,  1.84000970e-08,  0.00000000e+00,  0.00000000e+00,
        0.00000000e+00,  0.00000000e+00,  0.00000000e+00, -3.03296950e-11,
        5.23955300e-11,  6.35563847e-10,  1.14169679e-09,  2.09745316e-09,
        4.48050559e-09,  4.49146964e-09,  6.37031385e-09,  5.37487223e-09,
        1.28838148e-08, -5.74612493e-09,  2.45973043e-08,  0.00000000e+00,
        0.00000000e+00,  0.00000000e+00,  0.00000000e+00,  0.00000000e+00,
        0.00000000e+00,  0.00000000e+00,  0.00000000e+00,  0.00000000e+00,
        0.00000000e+00,  0.00000000e+00,  0.00000000e+00,  0.00000000e+00,
        0.00000000e+00,  0.00000000e+00,  0.00000000e+00,  0.00000000e+00,
        0.00000000e+00,  0.00000000e+00,  0.00000000e+00,  0.00000000e+00,
        0.00000000e+00,  0.00000000e+00,  0.00000000e+00,  0.00000000e+00,
        0.00000000e+00,  0.00000000e+00,  0.00000000e+00,  0.00000000e+00,
        0.00000000e+00,  0.00000000e+00,  0.00000000e+00,  0.00000000e+00,
        0.00000000e+00,  0.00000000e+00,  0.00000000e+00,  0.00000000e+00,
        0.00000000e+00,  0.00000000e+00,  0.00000000e+00,  0.00000000e+00,
        0.00000000e+00,  0.00000000e+00,  0.00000000e+00,  0.00000000e+00,
        0.00000000e+00,  0.00000000e+00,  0.00000000e+00,  0.00000000e+00,
        0.00000000e+00,  0.00000000e+00,  0.00000000e+00,  0.00000000e+00,
        0.00000000e+00,  0.00000000e+00,  0.00000000e+00,  0.00000000e+00,
        0.00000000e+00,  0.00000000e+00,  0.00000000e+00,  0.00000000e+00,
        0.00000000e+00,  0.00000000e+00,  0.00000000e+00,  0.00000000e+00,
        0.00000000e+00,  0.00000000e+00,  0.00000000e+00,  0.00000000e+00,
        0.00000000e+00,  0.00000000e+00,  0.00000000e+00,  0.00000000e+00,
        0.00000000e+00,  0.00000000e+00,  0.00000000e+00,  0.00000000e+00,
        0.00000000e+00,  0.00000000e+00,  0.00000000e+00,  0.00000000e+00,
        0.00000000e+00,  0.00000000e+00,  0.00000000e+00,  0.00000000e+00,
        0.00000000e+00,  0.00000000e+00,  0.00000000e+00,  0.00000000e+00,
        0.00000000e+00], dtype=float64),
                   'Te_l': Array([], shape=(0,), dtype=float64),
                   'Ti_l': Array([], shape=(0,), dtype=float64),
                   'Z_lmn': Array([-2.70216626e-07, -5.53851095e-08, -2.77566138e-07, ...,
       -3.41991307e-08,  9.32795296e-08, -1.38016394e-07], dtype=float64),
                   'Za_n': Array([ 1.75191460e-07,  1.85697346e-07,  3.22733789e-07,  4.01421898e-07,
        5.72469610e-07,  6.19781179e-07,  7.94221722e-07,  9.52172448e-07,
        4.02215513e-07, -5.95267697e-06, -6.66733984e-05, -1.14039984e-05,
        2.08879937e-03,  8.53550457e-03,  1.01027532e-01,  1.44278541e+00],      dtype=float64),
                   'Zb_lmn': Array([ 0.00000000e+00,  0.00000000e+00,  0.00000000e+00,  0.00000000e+00,
        0.00000000e+00,  0.00000000e+00,  0.00000000e+00,  0.00000000e+00,
        0.00000000e+00,  0.00000000e+00,  0.00000000e+00,  0.00000000e+00,
        0.00000000e+00,  0.00000000e+00,  0.00000000e+00,  0.00000000e+00,
        0.00000000e+00,  0.00000000e+00,  0.00000000e+00,  0.00000000e+00,
        0.00000000e+00,  0.00000000e+00,  0.00000000e+00,  0.00000000e+00,
        0.00000000e+00,  0.00000000e+00,  0.00000000e+00,  0.00000000e+00,
        0.00000000e+00,  0.00000000e+00,  0.00000000e+00,  0.00000000e+00,
        0.00000000e+00,  0.00000000e+00,  0.00000000e+00,  0.00000000e+00,
        0.00000000e+00,  0.00000000e+00,  0.00000000e+00,  0.00000000e+00,
        0.00000000e+00,  0.00000000e+00,  0.00000000e+00,  0.00000000e+00,
        0.00000000e+00,  0.00000000e+00,  0.00000000e+00,  0.00000000e+00,
        0.00000000e+00,  0.00000000e+00,  0.00000000e+00,  0.00000000e+00,
        0.00000000e+00,  0.00000000e+00,  0.00000000e+00,  0.00000000e+00,
        0.00000000e+00,  0.00000000e+00,  0.00000000e+00,  0.00000000e+00,
        0.00000000e+00,  0.00000000e+00,  0.00000000e+00,  0.00000000e+00,
        0.00000000e+00,  0.00000000e+00,  0.00000000e+00,  0.00000000e+00,
        0.00000000e+00,  0.00000000e+00,  0.00000000e+00,  0.00000000e+00,
        0.00000000e+00,  0.00000000e+00,  0.00000000e+00,  0.00000000e+00,
        0.00000000e+00,  0.00000000e+00,  0.00000000e+00,  0.00000000e+00,
        0.00000000e+00,  0.00000000e+00,  0.00000000e+00,  0.00000000e+00,
        0.00000000e+00,  5.39817892e-09,  9.80683062e-09,  6.43058627e-09,
        9.90555661e-09,  8.11227278e-09,  1.53870053e-09,  1.39046114e-08,
       -5.36409757e-09,  7.85739546e-09, -1.00312464e-08, -5.22701357e-09,
        2.25347965e-08,  0.00000000e+00,  0.00000000e+00,  0.00000000e+00,
        0.00000000e+00,  0.00000000e+00, -6.44273044e-09, -1.03080198e-08,
       -9.48528855e-09, -3.03275369e-09, -4.88241162e-10, -6.05464646e-09,
        1.16456286e-08, -4.37726827e-09,  5.60465079e-09,  3.83955188e-09,
        2.28857204e-08,  2.25877369e-08,  0.00000000e+00,  0.00000000e+00,
        0.00000000e+00,  0.00000000e+00,  0.00000000e+00,  9.89023637e-09,
        1.69500313e-08,  3.81621915e-09, -3.95549544e-09, -1.22744759e-08,
       -2.32119115e-08,  7.43353565e-09, -3.32527871e-08, -1.65866381e-08,
       -1.39111081e-08,  2.36773646e-09, -4.65475480e-09,  0.00000000e+00,
        0.00000000e+00,  0.00000000e+00,  0.00000000e+00,  0.00000000e+00,
       -8.45737533e-09, -1.01769629e-08,  7.47535863e-09,  2.21077789e-08,
        2.46364886e-08,  9.59022495e-09,  4.03799189e-08, -1.10648200e-09,
        2.45218378e-08,  5.63528416e-08,  5.41544740e-08, -4.06903807e-08,
        0.00000000e+00,  0.00000000e+00,  0.00000000e+00,  0.00000000e+00,
        0.00000000e+00,  1.10853129e-09, -2.04474587e-08, -4.37341520e-08,
       -4.18800108e-08, -3.83206460e-08, -6.84771985e-08,  7.46641380e-09,
       -8.17980372e-08, -3.26703246e-08, -2.41785130e-08,  1.11914541e-07,
       -1.91531696e-07,  0.00000000e+00,  0.00000000e+00,  0.00000000e+00,
        0.00000000e+00,  0.00000000e+00,  2.15154207e-08,  6.70793562e-08,
        4.60301651e-08,  5.43311519e-08,  3.17267053e-08,  2.23004959e-08,
        1.06474296e-07, -4.28106729e-08,  5.58720674e-08, -9.81249681e-08,
        2.19323766e-07, -2.54514159e-07,  0.00000000e+00,  0.00000000e+00,
        0.00000000e+00,  0.00000000e+00,  0.00000000e+00, -2.36777520e-05,
       -5.06157793e-05, -2.44580499e-05, -1.25443860e-05, -2.79978161e-05,
       -4.45964974e-05,  4.72757587e-08, -1.10055747e-07,  8.48668142e-09,
       -1.86115261e-07,  2.92688547e-07, -3.10090339e-07,  0.00000000e+00,
        0.00000000e+00,  0.00000000e+00,  0.00000000e+00,  0.00000000e+00,
        2.67404644e-05,  6.21785608e-05,  1.05889507e-07, -3.39312546e-06,
       -2.28678941e-05, -1.25291320e-05,  1.89244120e-07, -1.36389086e-07,
       -3.63607164e-08, -2.63240107e-08,  1.99502986e-07, -2.75598403e-07,
        0.00000000e+00,  0.00000000e+00,  0.00000000e+00,  0.00000000e+00,
        0.00000000e+00, -1.52255853e-02, -2.13311926e-02, -3.59300982e-04,
       -1.96107805e-02, -4.14782552e-05, -5.25570448e-05,  3.31073376e-07,
       -2.67652872e-07, -5.92410014e-08,  4.47747649e-07, -2.54179784e-07,
        3.32290000e-07,  0.00000000e+00,  0.00000000e+00,  0.00000000e+00,
        0.00000000e+00,  0.00000000e+00,  9.67847514e-02,  1.06962765e-01,
        4.73727535e-02,  4.41562831e-02, -1.41956932e-04, -1.03485363e-04,
        3.29553977e-07, -4.89773377e-07, -1.38533247e-07,  5.09183494e-07,
       -4.78354002e-07,  3.83180094e-07,  0.00000000e+00,  0.00000000e+00,
        0.00000000e+00,  0.00000000e+00,  0.00000000e+00,  1.49602494e+00,
        6.80233008e-02,  8.41232515e-03, -1.13636416e-02, -1.65328492e-04,
       -5.80262932e-05,  4.79144581e-07, -3.72107714e-07,  2.46573448e-07,
       -4.11676133e-08, -2.39937921e-08,  3.29595586e-07,  0.00000000e+00,
        0.00000000e+00,  0.00000000e+00,  0.00000000e+00,  0.00000000e+00,
        0.00000000e+00,  0.00000000e+00,  0.00000000e+00,  0.00000000e+00,
        0.00000000e+00,  3.30693742e-07, -3.52476167e-07,  5.10393963e-07,
       -1.78581554e-07,  9.11781443e-07, -5.05037505e-07, -4.71668759e-04,
        4.06183077e-04, -1.62710498e-01, -2.62023931e-01, -1.56434677e+00,
        0.00000000e+00,  0.00000000e+00,  0.00000000e+00,  0.00000000e+00,
        0.00000000e+00, -2.60490028e-07, -8.43867972e-08,  9.73377704e-07,
       -4.04747397e-07,  2.01058337e-06, -2.80488404e-07, -2.91328484e-04,
        5.88921298e-04, -2.51451753e-01, -9.94161810e-02, -8.68536429e-02,
        0.00000000e+00,  0.00000000e+00,  0.00000000e+00,  0.00000000e+00,
        0.00000000e+00, -7.85286001e-07,  1.96229099e-07,  8.62506364e-07,
       -6.85323524e-07,  8.73879790e-07, -2.11809961e-07, -2.02304445e-04,
        2.31368157e-04, -1.39556071e-02, -3.44907407e-03,  2.29160185e-02,
        0.00000000e+00,  0.00000000e+00,  0.00000000e+00,  0.00000000e+00,
        0.00000000e+00, -1.98896553e-07, -7.60125555e-08,  6.86174658e-07,
       -4.47905805e-07,  4.86806521e-07,  6.83691960e-08, -5.84727088e-05,
        6.93430200e-05, -1.70526180e-02,  4.32671833e-03, -5.74944011e-03,
        0.00000000e+00,  0.00000000e+00,  0.00000000e+00,  0.00000000e+00,
        0.00000000e+00,  6.59055312e-08, -2.03933993e-07,  4.38507214e-07,
       -3.43660136e-07,  2.41482479e-07,  2.46307224e-08, -7.69026114e-05,
        1.24422525e-05, -1.17634560e-05, -3.74772165e-05, -1.63423515e-05,
        0.00000000e+00,  0.00000000e+00,  0.00000000e+00,  0.00000000e+00,
        0.00000000e+00,  9.60149280e-09, -8.78069913e-08,  2.21550417e-07,
       -1.97328131e-07,  1.04255237e-07,  7.52434260e-08, -4.26938520e-05,
        2.59760392e-05,  2.03261325e-05, -1.18537920e-05, -7.84170999e-06,
        0.00000000e+00,  0.00000000e+00,  0.00000000e+00,  0.00000000e+00,
        0.00000000e+00, -9.61886078e-08, -1.16879500e-08,  6.21182819e-08,
       -6.60332531e-08,  4.72172993e-08,  9.92561203e-08, -3.94310826e-08,
        1.54117653e-08,  4.95668101e-08,  2.89604715e-08,  2.47787336e-08,
        0.00000000e+00,  0.00000000e+00,  0.00000000e+00,  0.00000000e+00,
        0.00000000e+00,  4.05690392e-08, -7.63174668e-08,  4.12608363e-08,
       -5.70210777e-08, -8.62046249e-08,  2.82993297e-08, -6.10241095e-08,
       -4.23303178e-08, -2.25705586e-08, -4.07116312e-08, -2.82889369e-08,
        0.00000000e+00,  0.00000000e+00,  0.00000000e+00,  0.00000000e+00,
        0.00000000e+00,  1.29210280e-07, -4.67331598e-08,  8.49499791e-08,
       -5.44122796e-09,  1.33194875e-08,  5.20307093e-08,  5.39218944e-09,
        1.67031849e-08,  2.89439061e-08,  1.68273633e-08,  9.75929755e-09,
        0.00000000e+00,  0.00000000e+00,  0.00000000e+00,  0.00000000e+00,
        0.00000000e+00,  8.95329522e-08, -4.87591522e-08,  1.82164330e-08,
       -4.68602475e-08, -1.86261222e-08,  7.45161838e-09, -3.51584818e-08,
       -1.90032658e-08, -7.56027090e-10, -1.11088200e-08, -4.31815033e-09,
        0.00000000e+00,  0.00000000e+00,  0.00000000e+00,  0.00000000e+00,
        0.00000000e+00,  7.73104432e-08, -8.35158467e-09,  2.55811305e-08,
       -1.08925056e-08,  4.40859446e-09,  1.87354054e-08, -7.74559282e-09,
       -3.73633090e-10,  3.82792242e-09, -5.33669258e-09, -2.27466819e-09,
        0.00000000e+00,  0.00000000e+00,  0.00000000e+00,  0.00000000e+00,
        0.00000000e+00,  3.79241134e-08, -1.09416015e-08,  2.41763078e-08,
       -2.30052280e-08,  1.70627465e-09,  2.30043998e-08, -1.01264086e-08,
        3.55664362e-09,  1.20910934e-08,  3.35930639e-09,  3.26572948e-09,
        0.00000000e+00,  0.00000000e+00,  0.00000000e+00,  0.00000000e+00,
        0.00000000e+00,  0.00000000e+00,  0.00000000e+00,  0.00000000e+00,
        0.00000000e+00,  0.00000000e+00,  0.00000000e+00,  0.00000000e+00,
        0.00000000e+00,  0.00000000e+00,  0.00000000e+00,  0.00000000e+00,
        0.00000000e+00,  0.00000000e+00,  0.00000000e+00,  0.00000000e+00,
        0.00000000e+00,  0.00000000e+00,  0.00000000e+00,  0.00000000e+00,
        0.00000000e+00,  0.00000000e+00,  0.00000000e+00,  0.00000000e+00,
        0.00000000e+00,  0.00000000e+00,  0.00000000e+00,  0.00000000e+00,
        0.00000000e+00,  0.00000000e+00,  0.00000000e+00,  0.00000000e+00,
        0.00000000e+00,  0.00000000e+00,  0.00000000e+00,  0.00000000e+00,
        0.00000000e+00,  0.00000000e+00,  0.00000000e+00,  0.00000000e+00,
        0.00000000e+00,  0.00000000e+00,  0.00000000e+00,  0.00000000e+00,
        0.00000000e+00,  0.00000000e+00,  0.00000000e+00,  0.00000000e+00,
        0.00000000e+00,  0.00000000e+00,  0.00000000e+00,  0.00000000e+00,
        0.00000000e+00,  0.00000000e+00,  0.00000000e+00,  0.00000000e+00,
        0.00000000e+00,  0.00000000e+00,  0.00000000e+00,  0.00000000e+00,
        0.00000000e+00,  0.00000000e+00,  0.00000000e+00,  0.00000000e+00,
        0.00000000e+00,  0.00000000e+00,  0.00000000e+00,  0.00000000e+00,
        0.00000000e+00,  0.00000000e+00,  0.00000000e+00,  0.00000000e+00,
        0.00000000e+00,  0.00000000e+00,  0.00000000e+00,  0.00000000e+00],      dtype=float64),
                   'Zeff_l': Array([], shape=(0,), dtype=float64),
                   'a_lmn': Array([], shape=(0,), dtype=float64),
                   'c_l': Array([0., 0., 0., 0., 0., 0., 0., 0., 0.], dtype=float64),
                   'i_l': Array([], shape=(0,), dtype=float64),
                   'ne_l': Array([], shape=(0,), dtype=float64),
                   'ni_l': Array([], shape=(0,), dtype=float64),
                   'p_l': Array([0., 0., 0., 0., 0., 0., 0., 0., 0.], dtype=float64)}],
               [ { 'G': Array([], shape=(0,), dtype=float64),
                   'I': Array([], shape=(0,), dtype=float64),
                   'L_lmn': Array([-2.19088103e-08,  3.41049895e-07,  9.81062211e-07, ...,
        9.98466789e-08, -8.47901877e-08,  2.48697770e-07], dtype=float64),
                   'Phi_mn': Array([], shape=(0,), dtype=float64),
                   'Psi': Array([0.56954665], dtype=float64),
                   'R_lmn': Array([ 2.44575648e-07, -5.94340515e-07,  1.85347809e-06, ...,
       -1.35327813e-07, -1.75652728e-07,  0.00000000e+00], dtype=float64),
                   'Ra_n': Array([ 8.19016197e+00,  1.57163290e+00,  7.82351969e-02, -3.49960652e-03,
        9.58605263e-04,  4.19103879e-04,  2.92712733e-05, -1.04598609e-05,
       -5.32879259e-06, -1.78546602e-06, -1.12076629e-06, -6.17832971e-07,
       -3.82859025e-07, -3.23709518e-07, -2.20904328e-07, -7.13760425e-08,
       -5.08414499e-08], dtype=float64),
                   'Rb_lmn': Array([ 0.00000000e+00,  0.00000000e+00,  0.00000000e+00,  0.00000000e+00,
        0.00000000e+00,  0.00000000e+00,  0.00000000e+00,  0.00000000e+00,
        0.00000000e+00,  0.00000000e+00,  0.00000000e+00,  0.00000000e+00,
        0.00000000e+00,  0.00000000e+00,  0.00000000e+00,  0.00000000e+00,
        0.00000000e+00,  0.00000000e+00,  0.00000000e+00,  0.00000000e+00,
        0.00000000e+00,  0.00000000e+00,  0.00000000e+00,  0.00000000e+00,
        0.00000000e+00,  0.00000000e+00,  0.00000000e+00,  0.00000000e+00,
        0.00000000e+00,  0.00000000e+00,  0.00000000e+00,  0.00000000e+00,
        0.00000000e+00,  0.00000000e+00,  0.00000000e+00,  0.00000000e+00,
        0.00000000e+00,  0.00000000e+00,  0.00000000e+00,  0.00000000e+00,
        0.00000000e+00,  0.00000000e+00,  0.00000000e+00,  0.00000000e+00,
        0.00000000e+00,  0.00000000e+00,  0.00000000e+00,  0.00000000e+00,
        0.00000000e+00,  0.00000000e+00,  0.00000000e+00,  1.85949712e-09,
       -2.06943672e-09,  6.79093920e-10, -3.03664500e-11, -7.71788847e-10,
        5.38833967e-10, -2.89496147e-11, -1.18169586e-10,  3.29717363e-10,
        7.60068047e-11,  2.27110927e-10,  2.84960235e-10,  3.47252454e-10,
        0.00000000e+00,  0.00000000e+00,  0.00000000e+00,  3.02903869e-09,
       -1.25142344e-09,  1.20829100e-09,  7.43162050e-10, -1.14756230e-10,
        8.35294078e-10,  2.42660824e-10, -1.04100569e-11,  3.83322413e-10,
       -4.66698657e-11,  9.44097430e-11,  2.28165576e-11, -5.25038397e-11,
        0.00000000e+00,  0.00000000e+00,  0.00000000e+00,  2.01554978e-09,
       -1.85039257e-09, -8.42380004e-09, -5.22199365e-09, -1.39042829e-08,
       -3.44247634e-09, -8.01339125e-09, -8.25681551e-09, -3.36178825e-09,
       -7.66905301e-09, -4.66291418e-09, -5.49442011e-09, -1.14376997e-08,
        0.00000000e+00,  0.00000000e+00,  0.00000000e+00,  2.18196937e-09,
        1.65258116e-09, -2.23822317e-09,  1.74171808e-08,  7.59885975e-09,
        1.29140844e-08,  8.43128775e-09,  7.63405376e-09,  9.75275100e-09,
        5.86872007e-09,  8.94027208e-09,  9.97808877e-09,  1.26505169e-08,
        0.00000000e+00,  0.00000000e+00,  0.00000000e+00, -1.62663722e-09,
        4.54930000e-09, -3.78375098e-08, -2.69477724e-09, -1.66029948e-08,
       -1.94875977e-08, -1.93320818e-08, -1.74193227e-08, -1.29265719e-08,
       -1.75911830e-08, -1.29289628e-08, -1.67679148e-08, -3.10523100e-08,
        0.00000000e+00,  0.00000000e+00,  0.00000000e+00, -4.41075659e-09,
        7.64000819e-09, -4.00853913e-08,  9.59574114e-09,  3.99172255e-08,
        2.37468307e-09,  2.14561548e-08,  2.13028460e-08,  2.66952422e-08,
        1.43965157e-08,  2.35544229e-08,  2.23190227e-08,  2.79096589e-08,
        0.00000000e+00,  0.00000000e+00,  0.00000000e+00, -7.66850652e-09,
        9.13281330e-09, -4.36733463e-08,  3.90089840e-09,  6.51721872e-08,
       -2.75027335e-08,  1.36317681e-08, -2.73344562e-08, -1.62126642e-09,
       -6.47879287e-08, -3.02356395e-08, -4.81731729e-08, -7.44194113e-08,
        0.00000000e+00,  0.00000000e+00,  0.00000000e+00, -7.78732902e-09,
        1.00465183e-08, -1.05253295e-07, -4.87615580e-08,  7.53076967e-08,
       -7.51516394e-08, -1.71929710e-08, -5.53954312e-08, -1.19356048e-08,
       -6.05264038e-08,  2.45450815e-08,  8.20188498e-10, -1.24259096e-08,
        0.00000000e+00,  0.00000000e+00,  0.00000000e+00, -8.85276376e-09,
        1.05299341e-08, -1.35643470e-07, -3.46994857e-08,  2.08093874e-07,
       -3.71434160e-08,  1.32623967e-07,  2.82796501e-08,  4.44479247e-05,
        2.15412091e-05,  3.46540816e-05,  2.66952284e-05,  2.32775403e-05,
        0.00000000e+00,  0.00000000e+00,  0.00000000e+00, -1.29064400e-08,
        9.28470581e-09, -1.88314627e-07, -4.46919819e-09,  2.32386007e-07,
       -2.40994858e-07,  2.18243841e-08, -2.14027213e-07, -3.32932938e-05,
       -4.99164347e-05, -3.45333494e-05, -3.80968465e-05, -6.81177623e-05,
        0.00000000e+00,  0.00000000e+00,  0.00000000e+00, -9.18607546e-09,
        8.61805998e-09, -1.92002049e-07,  2.57526609e-07,  5.15168051e-07,
       -2.51151711e-07,  4.89354936e-07,  1.18994835e-09,  8.94502385e-05,
        6.14316510e-05, -1.52839545e-02, -1.71726575e-02,  2.41509816e-02,
        0.00000000e+00,  0.00000000e+00,  0.00000000e+00, -1.22357543e-08,
        1.01757043e-08, -2.44817953e-07,  4.27167372e-07,  5.39341960e-07,
       -5.67022331e-07,  3.97795158e-07, -5.90202712e-07, -7.04171696e-05,
       -7.89756066e-05, -7.11208791e-03, -1.85570804e-03,  1.19820162e-01,
        0.00000000e+00,  0.00000000e+00,  0.00000000e+00, -1.59594878e-08,
        1.64596073e-08, -4.31354817e-07,  7.10518261e-07,  9.84350897e-07,
       -5.99341095e-07,  1.51045059e-06, -2.10747915e-07,  2.38866485e-04,
        3.02627595e-04, -3.79941324e-02, -3.43382761e-02, -5.62052712e-02,
        8.00000000e+00,  1.93752415e+00,  3.05555889e-01,  3.42402757e-03,
       -1.88144304e-04,  8.39075730e-04, -1.00726191e-06,  1.10209181e-07,
        8.37113825e-07, -6.56839888e-07,  2.66628049e-07, -2.40493830e-07,
       -2.80081580e-08,  6.00199551e-09,  0.00000000e+00,  0.00000000e+00,
        0.00000000e+00,  1.34454959e+00, -2.55082890e-02,  3.81862289e-01,
        1.58723180e-01, -4.47631289e-04,  2.89697774e-04, -1.33627212e-06,
       -1.31891356e-07,  7.42109807e-07, -7.74333446e-07,  2.85670519e-07,
       -2.53673015e-07, -8.33425565e-09,  6.96374523e-09,  0.00000000e+00,
        0.00000000e+00,  0.00000000e+00, -1.28546194e-03, -4.17201099e-02,
        8.19049359e-02, -4.59685520e-02,  4.08591085e-05,  3.14921139e-04,
       -1.81601577e-07,  3.44596825e-07,  5.65995306e-07, -6.90837143e-07,
        3.78315733e-07, -3.15948149e-07,  2.21303166e-09,  9.91911691e-09,
        0.00000000e+00,  0.00000000e+00,  0.00000000e+00, -2.24675356e-02,
        6.64209281e-03,  1.33002676e-02, -3.50277082e-03, -1.05512933e-04,
       -3.15698823e-05, -2.82470131e-07, -1.17074153e-07,  5.27240104e-08,
       -4.37378348e-07,  3.57931781e-07, -3.51805024e-07,  1.75588138e-09,
        1.54162515e-08,  0.00000000e+00,  0.00000000e+00,  0.00000000e+00,
        1.71050020e-05,  2.00099710e-05,  2.85748360e-05,  4.25183235e-05,
        4.36026107e-05,  7.22011843e-05,  7.47683434e-08,  1.50281126e-07,
        9.47777266e-08, -1.72900825e-09,  1.67565245e-07, -1.58869432e-07,
        8.47273143e-09, -6.66791345e-09,  0.00000000e+00,  0.00000000e+00,
        0.00000000e+00, -6.02322377e-06, -4.88082771e-06, -1.06700161e-05,
       -2.05270263e-05, -3.60269127e-05, -2.96033477e-05, -1.00232958e-07,
       -6.60172243e-08, -6.90095274e-08, -6.62444079e-08, -5.32459856e-08,
       -1.00356133e-07,  1.02999876e-08, -9.03719843e-09,  0.00000000e+00,
        0.00000000e+00,  0.00000000e+00, -1.66890231e-08, -1.73992158e-08,
       -1.97239581e-08, -1.37163735e-08,  1.11050854e-09,  2.37756928e-08,
        2.82626372e-08,  7.85438954e-08,  2.60602160e-09,  4.90683878e-08,
       -4.30623342e-08, -2.37170045e-08,  9.94756567e-09, -6.03699564e-09,
        0.00000000e+00,  0.00000000e+00,  0.00000000e+00,  1.93101722e-08,
        2.11744030e-08,  2.58659914e-08,  3.17657277e-08,  4.31700578e-08,
        4.62726759e-08,  3.01914235e-08,  4.70204470e-08, -1.87715236e-08,
        2.13163587e-08, -6.88122632e-08,  1.66711849e-08,  6.52412220e-09,
       -5.32192640e-09,  0.00000000e+00,  0.00000000e+00,  0.00000000e+00,
       -1.02190465e-08, -1.09438192e-08, -1.24514813e-08, -1.57721272e-08,
       -1.81769306e-08, -2.36612552e-08, -2.62994786e-08, -2.02800554e-08,
       -3.36759305e-08,  2.12893128e-08, -5.65838246e-08,  4.69481216e-08,
        3.11162413e-09, -4.49755149e-09,  0.00000000e+00,  0.00000000e+00,
        0.00000000e+00,  7.72475427e-09,  8.15719065e-09,  9.81705241e-09,
        1.08728413e-08,  1.37491232e-08,  1.54814696e-08,  1.77719980e-08,
        2.21638261e-08,  1.37988721e-08,  4.59978132e-08, -2.60535774e-08,
        5.09080450e-08,  2.20804692e-09, -3.62218479e-09,  0.00000000e+00,
        0.00000000e+00,  0.00000000e+00, -2.31489755e-09, -2.60911038e-09,
       -3.11192658e-09, -4.59816905e-09, -5.77397003e-09, -6.82314305e-09,
       -8.63866895e-09, -7.87766882e-09, -1.30345409e-08,  1.93664979e-10,
       -3.35267893e-08,  1.99291434e-08,  7.00913257e-10, -3.70223445e-09,
        0.00000000e+00,  0.00000000e+00,  0.00000000e+00, -3.34018218e-11,
        5.65020137e-11,  6.89410684e-10,  1.23442961e-09,  2.26662704e-09,
        4.84756708e-09,  4.86678109e-09,  6.87568967e-09,  5.81596098e-09,
        1.39626940e-08, -6.25555734e-09,  2.66193351e-08,  2.05877217e-09,
       -2.72532154e-09,  0.00000000e+00,  0.00000000e+00,  0.00000000e+00,
        1.02875873e-10,  1.09341845e-10,  1.15507541e-10,  7.94297866e-11,
        2.83129178e-11,  1.55031066e-11, -2.33751977e-10, -2.61403969e-10,
       -3.35433215e-10, -2.03031624e-10, -1.11229387e-09,  3.91024942e-10,
        6.21788016e-10, -3.01198861e-09,  0.00000000e+00,  0.00000000e+00,
        0.00000000e+00, -1.49673224e-10, -1.70578600e-10, -1.73767469e-10,
       -2.33967698e-10, -2.09319343e-10, -1.99228979e-10, -2.70959523e-10,
       -8.67992285e-11,  1.46538755e-10,  1.69507071e-10, -1.19169021e-10,
        9.21470207e-10,  8.23863274e-10, -2.26024355e-09,  0.00000000e+00,
        0.00000000e+00,  0.00000000e+00,  0.00000000e+00,  0.00000000e+00,
        0.00000000e+00,  0.00000000e+00,  0.00000000e+00,  0.00000000e+00,
        0.00000000e+00,  0.00000000e+00,  0.00000000e+00,  0.00000000e+00,
        0.00000000e+00,  0.00000000e+00,  0.00000000e+00,  0.00000000e+00,
        0.00000000e+00,  0.00000000e+00,  0.00000000e+00,  0.00000000e+00,
        0.00000000e+00,  0.00000000e+00,  0.00000000e+00,  0.00000000e+00,
        0.00000000e+00,  0.00000000e+00,  0.00000000e+00,  0.00000000e+00,
        0.00000000e+00,  0.00000000e+00,  0.00000000e+00,  0.00000000e+00,
        0.00000000e+00,  0.00000000e+00,  0.00000000e+00,  0.00000000e+00,
        0.00000000e+00,  0.00000000e+00,  0.00000000e+00,  0.00000000e+00,
        0.00000000e+00,  0.00000000e+00,  0.00000000e+00,  0.00000000e+00,
        0.00000000e+00,  0.00000000e+00,  0.00000000e+00,  0.00000000e+00,
        0.00000000e+00,  0.00000000e+00,  0.00000000e+00,  0.00000000e+00,
        0.00000000e+00], dtype=float64),
                   'Te_l': Array([], shape=(0,), dtype=float64),
                   'Ti_l': Array([], shape=(0,), dtype=float64),
                   'Z_lmn': Array([-2.78473540e-07,  1.36490039e-08, -3.17178901e-07, ...,
       -3.93017597e-08,  9.54587404e-08, -1.32798732e-07], dtype=float64),
                   'Za_n': Array([ 1.65785978e-07,  1.86953600e-07,  3.29737406e-07,  4.05826986e-07,
        5.75666896e-07,  6.18820835e-07,  7.94184350e-07,  9.51879749e-07,
        4.11086163e-07, -5.93124995e-06, -6.66546688e-05, -1.14272718e-05,
        2.08856396e-03,  8.53652725e-03,  1.01028545e-01,  1.44281041e+00],      dtype=float64),
                   'Zb_lmn': Array([ 0.00000000e+00,  0.00000000e+00,  0.00000000e+00,  0.00000000e+00,
        0.00000000e+00,  0.00000000e+00,  0.00000000e+00,  0.00000000e+00,
        0.00000000e+00,  0.00000000e+00,  0.00000000e+00,  0.00000000e+00,
        0.00000000e+00,  0.00000000e+00,  0.00000000e+00,  0.00000000e+00,
        0.00000000e+00,  0.00000000e+00,  0.00000000e+00,  0.00000000e+00,
        0.00000000e+00,  0.00000000e+00,  0.00000000e+00,  0.00000000e+00,
        0.00000000e+00,  0.00000000e+00,  0.00000000e+00,  0.00000000e+00,
        0.00000000e+00,  0.00000000e+00,  0.00000000e+00,  0.00000000e+00,
        0.00000000e+00,  0.00000000e+00,  0.00000000e+00,  0.00000000e+00,
        0.00000000e+00,  0.00000000e+00,  0.00000000e+00,  0.00000000e+00,
        0.00000000e+00,  0.00000000e+00,  0.00000000e+00,  0.00000000e+00,
        0.00000000e+00,  0.00000000e+00,  0.00000000e+00,  0.00000000e+00,
        0.00000000e+00,  0.00000000e+00,  0.00000000e+00, -6.21566339e-11,
       -1.07041168e-10,  3.86134515e-11,  7.28173213e-10,  4.26937245e-10,
        1.21800001e-10,  1.58557876e-09,  1.24762230e-10,  1.80421810e-09,
       -8.21560434e-10, -1.25767353e-09,  5.22513233e-09, -5.11546256e-09,
       -2.35157482e-09,  0.00000000e+00,  0.00000000e+00,  0.00000000e+00,
       -6.36730712e-11, -2.66424552e-10, -6.46159943e-10, -3.82985287e-10,
       -7.23737945e-10, -1.42771111e-09,  2.02707892e-11, -1.20784402e-09,
        5.51361193e-11, -1.90320243e-09, -1.95853730e-09,  4.52273510e-09,
       -4.28324871e-09, -2.83810708e-09,  0.00000000e+00,  0.00000000e+00,
        0.00000000e+00,  5.83843303e-09,  1.06219404e-08,  6.92891369e-09,
        1.07463879e-08,  8.78947380e-09,  1.56373936e-09,  1.51911300e-08,
       -5.80854729e-09,  8.32195272e-09, -1.06380927e-08, -5.89756594e-09,
        2.43055764e-08, -3.15005178e-09, -4.10292137e-09,  0.00000000e+00,
        0.00000000e+00,  0.00000000e+00, -6.97218292e-09, -1.11517953e-08,
       -1.02616916e-08, -3.25548839e-09, -5.99847375e-10, -6.52765470e-09,
        1.27451387e-08, -4.90540858e-09,  5.96521068e-09,  4.54218076e-09,
        2.45001076e-08,  2.40198784e-08, -2.06227112e-09, -2.21376015e-09,
        0.00000000e+00,  0.00000000e+00,  0.00000000e+00,  1.03969782e-08,
        1.78144290e-08,  4.02028083e-09, -4.13545042e-09, -1.29776588e-08,
       -2.43499087e-08,  7.88411927e-09, -3.51362348e-08, -1.75186525e-08,
       -1.41370253e-08,  2.25372050e-09, -5.46937129e-09, -9.14838146e-09,
        7.14649695e-09,  0.00000000e+00,  0.00000000e+00,  0.00000000e+00,
       -8.89115803e-09, -1.06864791e-08,  7.83166261e-09,  2.32461421e-08,
        2.59720631e-08,  9.98383630e-09,  4.24133720e-08, -1.08046493e-09,
        2.55801880e-08,  5.97780015e-08,  5.78968746e-08, -4.39512392e-08,
       -1.09680174e-08,  1.26423291e-08,  0.00000000e+00,  0.00000000e+00,
        0.00000000e+00,  1.14176504e-09, -2.10293224e-08, -4.50846825e-08,
       -4.31547902e-08, -3.93512487e-08, -7.06446785e-08,  7.57302260e-09,
       -8.40425140e-08, -3.46670344e-08, -2.46993208e-08,  1.19977488e-07,
       -2.06305727e-07, -1.23383006e-08,  1.64132484e-08,  0.00000000e+00,
        0.00000000e+00,  0.00000000e+00,  2.21630274e-08,  6.90936198e-08,
        4.74165007e-08,  5.59799650e-08,  3.26288747e-08,  2.30675621e-08,
        1.09560432e-07, -4.39969136e-08,  5.83277913e-08, -1.02014440e-07,
        2.36630646e-07, -2.74869317e-07, -1.03835154e-08,  1.50755757e-08,
        0.00000000e+00,  0.00000000e+00,  0.00000000e+00, -2.36788679e-05,
       -5.06183950e-05, -2.44591257e-05, -1.25446385e-05, -2.79991930e-05,
       -4.45984415e-05,  4.86643832e-08, -1.12933000e-07,  7.76202226e-09,
       -1.94085556e-07,  3.16731165e-07, -3.35680015e-07,  1.01665819e-08,
       -5.35909250e-09,  0.00000000e+00,  0.00000000e+00,  0.00000000e+00,
        2.67418946e-05,  6.21815876e-05,  1.05587438e-07, -3.39332109e-06,
       -2.28689496e-05, -1.25298091e-05,  1.94679116e-07, -1.39689120e-07,
       -3.93977085e-08, -2.62777697e-08,  2.15802190e-07, -2.98421238e-07,
        6.93398992e-11, -2.44963886e-08,  0.00000000e+00,  0.00000000e+00,
        0.00000000e+00, -1.52255873e-02, -2.13311978e-02, -3.59297756e-04,
       -1.96107756e-02, -4.14807652e-05, -5.25594453e-05,  3.40546756e-07,
       -2.74805883e-07, -6.29262116e-08,  4.72192213e-07, -2.75494234e-07,
        3.57649277e-07, -2.86836656e-08, -1.91570148e-08,  0.00000000e+00,
        0.00000000e+00,  0.00000000e+00,  9.67847539e-02,  1.06962757e-01,
        4.73727489e-02,  4.41562827e-02, -1.41963748e-04, -1.03489547e-04,
        3.39232641e-07, -5.04091639e-07, -1.46891117e-07,  5.39138820e-07,
       -5.17420551e-07,  4.11712066e-07, -4.55310038e-08, -9.35447167e-09,
        0.00000000e+00,  0.00000000e+00,  0.00000000e+00,  1.49602492e+00,
        6.80232982e-02,  8.41234148e-03, -1.13636193e-02, -1.65337727e-04,
       -5.80296466e-05,  4.93448158e-07, -3.83661911e-07,  2.58305294e-07,
       -3.76228667e-08, -3.12185251e-08,  3.54375464e-07, -3.36745054e-08,
        3.33028514e-08,  0.00000000e+00,  0.00000000e+00,  0.00000000e+00,
        0.00000000e+00,  0.00000000e+00,  0.00000000e+00, -2.76062504e-08,
       -3.03921876e-08,  3.58948401e-07, -3.83757286e-07,  5.39639689e-07,
       -1.87669901e-07,  9.38647234e-07, -5.19541601e-07, -4.71690858e-04,
        4.06204648e-04, -1.62710503e-01, -2.62023937e-01, -1.56434678e+00,
        0.00000000e+00,  0.00000000e+00,  0.00000000e+00, -9.16367127e-10,
        5.13363620e-09, -2.84567456e-07, -9.87646713e-08,  1.02900116e-06,
       -4.27078827e-07,  2.07074319e-06, -2.87837264e-07, -2.91344350e-04,
        5.88949519e-04, -2.51451767e-01, -9.94161837e-02, -8.68536429e-02,
        0.00000000e+00,  0.00000000e+00,  0.00000000e+00, -2.69513686e-08,
        3.65676379e-08, -8.43306869e-07,  2.04011725e-07,  9.08990553e-07,
       -7.21146656e-07,  8.99962547e-07, -2.17662401e-07, -2.02314922e-04,
        2.31379421e-04, -1.39556048e-02, -3.44907822e-03,  2.29160164e-02,
        0.00000000e+00,  0.00000000e+00,  0.00000000e+00, -1.60312112e-08,
        2.92470300e-08, -2.08420687e-07, -8.51006837e-08,  7.22020279e-07,
       -4.71134767e-07,  5.01242103e-07,  7.06591699e-08, -5.84761010e-05,
        6.93458426e-05, -1.70526182e-02,  4.32672024e-03, -5.74943859e-03,
        0.00000000e+00,  0.00000000e+00,  0.00000000e+00, -1.74282871e-08,
        2.39785970e-08,  7.25926729e-08, -2.20438879e-07,  4.61257629e-07,
       -3.61338832e-07,  2.48648232e-07,  2.54949087e-08, -7.69061158e-05,
        1.24427595e-05, -1.17638288e-05, -3.74792770e-05, -1.63432018e-05,
        0.00000000e+00,  0.00000000e+00,  0.00000000e+00, -1.21075719e-08,
        1.09961932e-08,  9.66460188e-09, -9.48153480e-08,  2.33047548e-07,
       -2.07239036e-07,  1.07157376e-07,  7.75386100e-08, -4.26960345e-05,
        2.59768132e-05,  2.03272148e-05, -1.18543874e-05, -7.84206018e-06,
        0.00000000e+00,  0.00000000e+00,  0.00000000e+00, -1.51856616e-08,
       -5.94360914e-09, -1.04165452e-07, -1.28980025e-08,  6.50105617e-08,
       -6.91176155e-08,  4.85776983e-08,  1.02283610e-07, -4.06628053e-08,
        1.58205184e-08,  5.11174413e-08,  2.98205661e-08,  2.55186568e-08,
        0.00000000e+00,  0.00000000e+00,  0.00000000e+00,  1.24355038e-08,
       -1.50927091e-08,  4.43116545e-08, -8.30540655e-08,  4.33474865e-08,
       -5.97646936e-08, -8.90051562e-08,  2.93426110e-08, -6.29254412e-08,
       -4.36916957e-08, -2.31782432e-08, -4.19489217e-08, -2.91469783e-08,
        0.00000000e+00,  0.00000000e+00,  0.00000000e+00,  1.16721213e-08,
       -1.18395637e-08,  1.40271795e-07, -5.09559358e-08,  8.90543834e-08,
       -5.34826200e-09,  1.38993674e-08,  5.46297772e-08,  5.73967291e-09,
        1.75374288e-08,  3.04223685e-08,  1.76971814e-08,  1.02593411e-08,
        0.00000000e+00,  0.00000000e+00,  0.00000000e+00,  4.18346427e-09,
       -1.12970660e-08,  9.72627684e-08, -5.31376168e-08,  1.91133430e-08,
       -4.91658284e-08, -1.95692432e-08,  7.81297058e-09, -3.69694530e-08,
       -1.99745488e-08, -7.88997626e-10, -1.16870747e-08, -4.54077180e-09,
        0.00000000e+00,  0.00000000e+00,  0.00000000e+00, -1.89866524e-09,
       -7.70312363e-09,  8.38196338e-08, -9.52426189e-09,  2.80230310e-08,
       -1.19101477e-08,  4.68253126e-09,  2.04309268e-08, -8.45440875e-09,
       -4.30345538e-10,  4.18802947e-09, -5.79361433e-09, -2.46751111e-09,
        0.00000000e+00,  0.00000000e+00,  0.00000000e+00, -3.72819994e-09,
       -4.99262181e-09,  4.11985549e-08, -1.21474026e-08,  2.62758715e-08,
       -2.48509569e-08,  1.72081139e-09,  2.49703205e-08, -1.09519471e-08,
        3.80445541e-09,  1.31160616e-08,  3.62446209e-09,  3.52266651e-09,
        0.00000000e+00,  0.00000000e+00,  0.00000000e+00, -1.18798785e-09,
       -2.37792210e-09,  2.18870163e-09, -2.04046381e-09,  2.07771444e-09,
       -2.42827218e-09, -1.27520372e-09,  9.21183303e-10, -1.50937947e-09,
       -7.01872551e-10, -9.35461315e-11, -7.95127422e-10, -4.19243222e-10,
        0.00000000e+00,  0.00000000e+00,  0.00000000e+00, -1.58610212e-09,
       -2.77538661e-09,  2.04888480e-09, -5.48945807e-11,  3.93273465e-09,
       -1.15954522e-09,  7.69569660e-11,  2.28143070e-09, -1.33646371e-10,
        4.11384289e-10,  8.58245854e-10,  2.40193338e-10,  2.19008825e-10,
        0.00000000e+00,  0.00000000e+00,  0.00000000e+00,  0.00000000e+00,
        0.00000000e+00,  0.00000000e+00,  0.00000000e+00,  0.00000000e+00,
        0.00000000e+00,  0.00000000e+00,  0.00000000e+00,  0.00000000e+00,
        0.00000000e+00,  0.00000000e+00,  0.00000000e+00,  0.00000000e+00,
        0.00000000e+00,  0.00000000e+00,  0.00000000e+00,  0.00000000e+00,
        0.00000000e+00,  0.00000000e+00,  0.00000000e+00,  0.00000000e+00,
        0.00000000e+00,  0.00000000e+00,  0.00000000e+00,  0.00000000e+00,
        0.00000000e+00,  0.00000000e+00,  0.00000000e+00,  0.00000000e+00,
        0.00000000e+00,  0.00000000e+00,  0.00000000e+00,  0.00000000e+00,
        0.00000000e+00,  0.00000000e+00,  0.00000000e+00,  0.00000000e+00,
        0.00000000e+00,  0.00000000e+00,  0.00000000e+00,  0.00000000e+00,
        0.00000000e+00,  0.00000000e+00,  0.00000000e+00,  0.00000000e+00],      dtype=float64),
                   'Zeff_l': Array([], shape=(0,), dtype=float64),
                   'a_lmn': Array([], shape=(0,), dtype=float64),
                   'c_l': Array([0., 0., 0., 0., 0., 0., 0., 0., 0.], dtype=float64),
                   'i_l': Array([], shape=(0,), dtype=float64),
                   'ne_l': Array([], shape=(0,), dtype=float64),
                   'ni_l': Array([], shape=(0,), dtype=float64),
                   'p_l': Array([0., 0., 0., 0., 0., 0., 0., 0., 0.], dtype=float64)}]],
  'message': 'Optimization terminated successfully.\n'
             '`xtol` condition satisfied. (xtol=1.00e-06)',
  'nfev': 6,
  'nit': 1,
  'njev': 1,
  'optimality': Array(4.28998044, dtype=float64),
  'penalty_param': Array([10.], dtype=float64),
  's': Array([], shape=(0,), dtype=float64),
  'success': True,
  'v': Array([1., 1., 1., 1., 1., 1., 1., 1., 1., 1., 1., 1., 1., 1., 1., 1., 1.,
       1., 1., 1., 1., 1., 1., 1., 1., 1., 1., 1., 1., 1., 1., 1., 1., 1.,
       1., 1., 1., 1., 1., 1., 1., 1., 1., 1., 1., 1., 1., 1., 1., 1., 1.,
       1., 1., 1., 1., 1., 1., 1., 1., 1., 1., 1., 1., 1., 1., 1., 1., 1.,
       1., 1., 1., 1., 1., 1., 1., 1., 1., 1., 1., 1., 1., 1., 1., 1., 1.,
       1., 1., 1., 1., 1., 1., 1., 1., 1., 1., 1., 1., 1., 1., 1., 1., 1.,
       1., 1., 1., 1., 1., 1., 1., 1., 1., 1., 1., 1., 1., 1., 1., 1., 1.,
       1., 1., 1., 1., 1., 1., 1., 1., 1., 1., 1., 1., 1., 1., 1., 1., 1.,
       1., 1., 1., 1., 1., 1., 1., 1., 1., 1., 1., 1., 1., 1., 1., 1., 1.,
       1., 1., 1., 1., 1., 1., 1., 1., 1., 1., 1., 1., 1., 1., 1., 1., 1.,
       1., 1., 1., 1., 1., 1., 1., 1., 1., 1., 1., 1., 1., 1., 1., 1., 1.,
       1., 1., 1., 1., 1., 1., 1., 1., 1., 1., 1., 1., 1., 1., 1., 1., 1.,
       1., 1., 1., 1., 1., 1., 1., 1., 1., 1., 1., 1., 1., 1., 1., 1., 1.,
       1., 1., 1., 1., 1., 1., 1., 1., 1., 1., 1., 1., 1., 1., 1., 1., 1.,
       1., 1., 1., 1., 1., 1., 1., 1., 1., 1., 1., 1., 1., 1., 1., 1., 1.,
       1., 1., 1., 1., 1., 1., 1., 1., 1., 1., 1., 1., 1., 1., 1., 1., 1.,
       1., 1., 1., 1., 1., 1., 1., 1., 1., 1., 1., 1., 1., 1., 1., 1., 1.,
       1., 1., 1., 1., 1., 1., 1., 1., 1., 1., 1., 1., 1., 1., 1., 1., 1.,
       1., 1., 1., 1., 1., 1., 1., 1., 1., 1., 1., 1., 1., 1., 1., 1., 1.,
       1., 1., 1., 1., 1., 1., 1., 1., 1., 1., 1., 1., 1., 1., 1., 1., 1.,
       1., 1., 1., 1., 1., 1., 1., 1., 1., 1., 1., 1., 1., 1., 1., 1., 1.,
       1., 1., 1., 1., 1., 1., 1., 1., 1., 1., 1., 1., 1., 1., 1., 1., 1.,
       1., 1., 1., 1., 1., 1., 1., 1., 1., 1., 1., 1., 1., 1., 1., 1., 1.,
       1., 1., 1., 1., 1., 1., 1., 1., 1., 1., 1., 1., 1., 1., 1., 1., 1.,
       1., 1., 1., 1., 1., 1., 1., 1., 1., 1., 1., 1., 1., 1., 1., 1., 1.,
       1., 1., 1., 1., 1., 1., 1., 1., 1., 1., 1., 1., 1., 1., 1., 1., 1.,
       1., 1., 1., 1., 1., 1., 1., 1., 1., 1., 1., 1., 1., 1., 1., 1., 1.,
       1., 1., 1., 1., 1., 1., 1., 1., 1., 1., 1., 1., 1., 1., 1., 1., 1.,
       1., 1., 1., 1., 1., 1., 1., 1., 1., 1., 1., 1., 1., 1., 1., 1., 1.,
       1., 1., 1., 1., 1., 1., 1., 1., 1., 1., 1., 1., 1., 1., 1., 1., 1.,
       1., 1., 1., 1., 1., 1., 1., 1., 1., 1., 1., 1., 1., 1., 1., 1., 1.,
       1., 1., 1., 1., 1., 1., 1., 1., 1., 1., 1., 1., 1., 1., 1., 1., 1.,
       1., 1., 1., 1., 1., 1., 1., 1., 1., 1., 1., 1., 1., 1., 1., 1., 1.,
       1., 1., 1., 1., 1., 1., 1., 1., 1., 1., 1., 1., 1., 1., 1., 1., 1.,
       1., 1., 1., 1., 1., 1., 1., 1., 1., 1., 1., 1., 1., 1., 1., 1., 1.,
       1., 1., 1., 1., 1., 1., 1., 1., 1., 1., 1., 1., 1., 1., 1., 1., 1.,
       1., 1., 1., 1., 1., 1., 1., 1., 1., 1., 1., 1., 1., 1., 1., 1., 1.,
       1., 1., 1., 1., 1., 1., 1., 1., 1., 1., 1., 1., 1., 1., 1., 1., 1.,
       1., 1., 1., 1., 1., 1., 1., 1., 1., 1., 1., 1., 1., 1., 1., 1., 1.,
       1., 1., 1., 1., 1., 1., 1., 1., 1., 1., 1., 1., 1., 1., 1., 1., 1.,
       1., 1., 1., 1., 1., 1., 1., 1., 1., 1., 1., 1., 1., 1., 1., 1., 1.,
       1., 1., 1., 1., 1., 1., 1., 1., 1., 1., 1., 1., 1., 1., 1., 1., 1.,
       1., 1., 1., 1., 1., 1., 1., 1., 1., 1., 1., 1., 1., 1., 1.],      dtype=float64),
  'x': Array([ 5.69546649e-01,  1.85949712e-09, -2.06943672e-09,  6.79093920e-10,
       -3.03664500e-11, -7.71788847e-10,  5.38833967e-10, -2.89496147e-11,
       -1.18169586e-10,  3.29717363e-10,  7.60068047e-11,  2.27110927e-10,
        2.84960235e-10,  3.47252454e-10,  3.02903869e-09, -1.25142344e-09,
        1.20829100e-09,  7.43162050e-10, -1.14756230e-10,  8.35294078e-10,
        2.42660824e-10, -1.04100569e-11,  3.83322413e-10, -4.66698657e-11,
        9.44097430e-11,  2.28165576e-11, -5.25038397e-11,  2.01554978e-09,
       -1.85039257e-09, -8.42380004e-09, -5.22199365e-09, -1.39042829e-08,
       -3.44247634e-09, -8.01339125e-09, -8.25681551e-09, -3.36178825e-09,
       -7.66905301e-09, -4.66291418e-09, -5.49442011e-09, -1.14376997e-08,
        2.18196937e-09,  1.65258116e-09, -2.23822317e-09,  1.74171808e-08,
        7.59885975e-09,  1.29140844e-08,  8.43128775e-09,  7.63405376e-09,
        9.75275100e-09,  5.86872007e-09,  8.94027208e-09,  9.97808877e-09,
        1.26505169e-08, -1.62663722e-09,  4.54930000e-09, -3.78375098e-08,
       -2.69477724e-09, -1.66029948e-08, -1.94875977e-08, -1.93320818e-08,
       -1.74193227e-08, -1.29265719e-08, -1.75911830e-08, -1.29289628e-08,
       -1.67679148e-08, -3.10523100e-08, -4.41075659e-09,  7.64000819e-09,
       -4.00853913e-08,  9.59574114e-09,  3.99172255e-08,  2.37468307e-09,
        2.14561548e-08,  2.13028460e-08,  2.66952422e-08,  1.43965157e-08,
        2.35544229e-08,  2.23190227e-08,  2.79096589e-08, -7.66850652e-09,
        9.13281330e-09, -4.36733463e-08,  3.90089840e-09,  6.51721872e-08,
       -2.75027335e-08,  1.36317681e-08, -2.73344562e-08, -1.62126642e-09,
       -6.47879287e-08, -3.02356395e-08, -4.81731729e-08, -7.44194113e-08,
       -7.78732902e-09,  1.00465183e-08, -1.05253295e-07, -4.87615580e-08,
        7.53076967e-08, -7.51516394e-08, -1.71929710e-08, -5.53954312e-08,
       -1.19356048e-08, -6.05264038e-08,  2.45450815e-08,  8.20188498e-10,
       -1.24259096e-08, -8.85276376e-09,  1.05299341e-08, -1.35643470e-07,
       -3.46994857e-08,  2.08093874e-07, -3.71434160e-08,  1.32623967e-07,
        2.82796501e-08,  4.44479247e-05,  2.15412091e-05,  3.46540816e-05,
        2.66952284e-05,  2.32775403e-05, -1.29064400e-08,  9.28470581e-09,
       -1.88314627e-07, -4.46919819e-09,  2.32386007e-07, -2.40994858e-07,
        2.18243841e-08, -2.14027213e-07, -3.32932938e-05, -4.99164347e-05,
       -3.45333494e-05, -3.80968465e-05, -6.81177623e-05, -9.18607546e-09,
        8.61805998e-09, -1.92002049e-07,  2.57526609e-07,  5.15168051e-07,
       -2.51151711e-07,  4.89354936e-07,  1.18994835e-09,  8.94502385e-05,
        6.14316510e-05, -1.52839545e-02, -1.71726575e-02,  2.41509816e-02,
       -1.22357543e-08,  1.01757043e-08, -2.44817953e-07,  4.27167372e-07,
        5.39341960e-07, -5.67022331e-07,  3.97795158e-07, -5.90202712e-07,
       -7.04171696e-05, -7.89756066e-05, -7.11208791e-03, -1.85570804e-03,
        1.19820162e-01, -1.59594878e-08,  1.64596073e-08, -4.31354817e-07,
        7.10518261e-07,  9.84350897e-07, -5.99341095e-07,  1.51045059e-06,
       -2.10747915e-07,  2.38866485e-04,  3.02627595e-04, -3.79941324e-02,
       -3.43382761e-02, -5.62052712e-02,  1.93752415e+00,  3.05555889e-01,
        3.42402757e-03, -1.88144304e-04,  8.39075730e-04, -1.00726191e-06,
        1.10209181e-07,  8.37113825e-07, -6.56839888e-07,  2.66628049e-07,
       -2.40493830e-07, -2.80081580e-08,  6.00199551e-09,  1.34454959e+00,
       -2.55082890e-02,  3.81862289e-01,  1.58723180e-01, -4.47631289e-04,
        2.89697774e-04, -1.33627212e-06, -1.31891356e-07,  7.42109807e-07,
       -7.74333446e-07,  2.85670519e-07, -2.53673015e-07, -8.33425565e-09,
        6.96374523e-09, -1.28546194e-03, -4.17201099e-02,  8.19049359e-02,
       -4.59685520e-02,  4.08591085e-05,  3.14921139e-04, -1.81601577e-07,
        3.44596825e-07,  5.65995306e-07, -6.90837143e-07,  3.78315733e-07,
       -3.15948149e-07,  2.21303166e-09,  9.91911691e-09, -2.24675356e-02,
        6.64209281e-03,  1.33002676e-02, -3.50277082e-03, -1.05512933e-04,
       -3.15698823e-05, -2.82470131e-07, -1.17074153e-07,  5.27240104e-08,
       -4.37378348e-07,  3.57931781e-07, -3.51805024e-07,  1.75588138e-09,
        1.54162515e-08,  1.71050020e-05,  2.00099710e-05,  2.85748360e-05,
        4.25183235e-05,  4.36026107e-05,  7.22011843e-05,  7.47683434e-08,
        1.50281126e-07,  9.47777266e-08, -1.72900825e-09,  1.67565245e-07,
       -1.58869432e-07,  8.47273143e-09, -6.66791345e-09, -6.02322377e-06,
       -4.88082771e-06, -1.06700161e-05, -2.05270263e-05, -3.60269127e-05,
       -2.96033477e-05, -1.00232958e-07, -6.60172243e-08, -6.90095274e-08,
       -6.62444079e-08, -5.32459856e-08, -1.00356133e-07,  1.02999876e-08,
       -9.03719843e-09, -1.66890231e-08, -1.73992158e-08, -1.97239581e-08,
       -1.37163735e-08,  1.11050854e-09,  2.37756928e-08,  2.82626372e-08,
        7.85438954e-08,  2.60602160e-09,  4.90683878e-08, -4.30623342e-08,
       -2.37170045e-08,  9.94756567e-09, -6.03699564e-09,  1.93101722e-08,
        2.11744030e-08,  2.58659914e-08,  3.17657277e-08,  4.31700578e-08,
        4.62726759e-08,  3.01914235e-08,  4.70204470e-08, -1.87715236e-08,
        2.13163587e-08, -6.88122632e-08,  1.66711849e-08,  6.52412220e-09,
       -5.32192640e-09, -1.02190465e-08, -1.09438192e-08, -1.24514813e-08,
       -1.57721272e-08, -1.81769306e-08, -2.36612552e-08, -2.62994786e-08,
       -2.02800554e-08, -3.36759305e-08,  2.12893128e-08, -5.65838246e-08,
        4.69481216e-08,  3.11162413e-09, -4.49755149e-09,  7.72475427e-09,
        8.15719065e-09,  9.81705241e-09,  1.08728413e-08,  1.37491232e-08,
        1.54814696e-08,  1.77719980e-08,  2.21638261e-08,  1.37988721e-08,
        4.59978132e-08, -2.60535774e-08,  5.09080450e-08,  2.20804692e-09,
       -3.62218479e-09, -2.31489755e-09, -2.60911038e-09, -3.11192658e-09,
       -4.59816905e-09, -5.77397003e-09, -6.82314305e-09, -8.63866895e-09,
       -7.87766882e-09, -1.30345409e-08,  1.93664979e-10, -3.35267893e-08,
        1.99291434e-08,  7.00913257e-10, -3.70223445e-09, -3.34018218e-11,
        5.65020137e-11,  6.89410684e-10,  1.23442961e-09,  2.26662704e-09,
        4.84756708e-09,  4.86678109e-09,  6.87568967e-09,  5.81596098e-09,
        1.39626940e-08, -6.25555734e-09,  2.66193351e-08,  2.05877217e-09,
       -2.72532154e-09,  1.02875873e-10,  1.09341845e-10,  1.15507541e-10,
        7.94297866e-11,  2.83129178e-11,  1.55031066e-11, -2.33751977e-10,
       -2.61403969e-10, -3.35433215e-10, -2.03031624e-10, -1.11229387e-09,
        3.91024942e-10,  6.21788016e-10, -3.01198861e-09, -1.49673224e-10,
       -1.70578600e-10, -1.73767469e-10, -2.33967698e-10, -2.09319343e-10,
       -1.99228979e-10, -2.70959523e-10, -8.67992285e-11,  1.46538755e-10,
        1.69507071e-10, -1.19169021e-10,  9.21470207e-10,  8.23863274e-10,
       -2.26024355e-09, -6.21566339e-11, -1.07041168e-10,  3.86134515e-11,
        7.28173213e-10,  4.26937245e-10,  1.21800001e-10,  1.58557876e-09,
        1.24762230e-10,  1.80421810e-09, -8.21560434e-10, -1.25767353e-09,
        5.22513233e-09, -5.11546256e-09, -2.35157482e-09, -6.36730712e-11,
       -2.66424552e-10, -6.46159943e-10, -3.82985287e-10, -7.23737945e-10,
       -1.42771111e-09,  2.02707892e-11, -1.20784402e-09,  5.51361193e-11,
       -1.90320243e-09, -1.95853730e-09,  4.52273510e-09, -4.28324871e-09,
       -2.83810708e-09,  5.83843303e-09,  1.06219404e-08,  6.92891369e-09,
        1.07463879e-08,  8.78947380e-09,  1.56373936e-09,  1.51911300e-08,
       -5.80854729e-09,  8.32195272e-09, -1.06380927e-08, -5.89756594e-09,
        2.43055764e-08, -3.15005178e-09, -4.10292137e-09, -6.97218292e-09,
       -1.11517953e-08, -1.02616916e-08, -3.25548839e-09, -5.99847375e-10,
       -6.52765470e-09,  1.27451387e-08, -4.90540858e-09,  5.96521068e-09,
        4.54218076e-09,  2.45001076e-08,  2.40198784e-08, -2.06227112e-09,
       -2.21376015e-09,  1.03969782e-08,  1.78144290e-08,  4.02028083e-09,
       -4.13545042e-09, -1.29776588e-08, -2.43499087e-08,  7.88411927e-09,
       -3.51362348e-08, -1.75186525e-08, -1.41370253e-08,  2.25372050e-09,
       -5.46937129e-09, -9.14838146e-09,  7.14649695e-09, -8.89115803e-09,
       -1.06864791e-08,  7.83166261e-09,  2.32461421e-08,  2.59720631e-08,
        9.98383630e-09,  4.24133720e-08, -1.08046493e-09,  2.55801880e-08,
        5.97780015e-08,  5.78968746e-08, -4.39512392e-08, -1.09680174e-08,
        1.26423291e-08,  1.14176504e-09, -2.10293224e-08, -4.50846825e-08,
       -4.31547902e-08, -3.93512487e-08, -7.06446785e-08,  7.57302260e-09,
       -8.40425140e-08, -3.46670344e-08, -2.46993208e-08,  1.19977488e-07,
       -2.06305727e-07, -1.23383006e-08,  1.64132484e-08,  2.21630274e-08,
        6.90936198e-08,  4.74165007e-08,  5.59799650e-08,  3.26288747e-08,
        2.30675621e-08,  1.09560432e-07, -4.39969136e-08,  5.83277913e-08,
       -1.02014440e-07,  2.36630646e-07, -2.74869317e-07, -1.03835154e-08,
        1.50755757e-08, -2.36788679e-05, -5.06183950e-05, -2.44591257e-05,
       -1.25446385e-05, -2.79991930e-05, -4.45984415e-05,  4.86643832e-08,
       -1.12933000e-07,  7.76202226e-09, -1.94085556e-07,  3.16731165e-07,
       -3.35680015e-07,  1.01665819e-08, -5.35909250e-09,  2.67418946e-05,
        6.21815876e-05,  1.05587438e-07, -3.39332109e-06, -2.28689496e-05,
       -1.25298091e-05,  1.94679116e-07, -1.39689120e-07, -3.93977085e-08,
       -2.62777697e-08,  2.15802190e-07, -2.98421238e-07,  6.93398992e-11,
       -2.44963886e-08, -1.52255873e-02, -2.13311978e-02, -3.59297756e-04,
       -1.96107756e-02, -4.14807652e-05, -5.25594453e-05,  3.40546756e-07,
       -2.74805883e-07, -6.29262116e-08,  4.72192213e-07, -2.75494234e-07,
        3.57649277e-07, -2.86836656e-08, -1.91570148e-08,  9.67847539e-02,
        1.06962757e-01,  4.73727489e-02,  4.41562827e-02, -1.41963748e-04,
       -1.03489547e-04,  3.39232641e-07, -5.04091639e-07, -1.46891117e-07,
        5.39138820e-07, -5.17420551e-07,  4.11712066e-07, -4.55310038e-08,
       -9.35447167e-09,  1.49602492e+00,  6.80232982e-02,  8.41234148e-03,
       -1.13636193e-02, -1.65337727e-04, -5.80296466e-05,  4.93448158e-07,
       -3.83661911e-07,  2.58305294e-07, -3.76228667e-08, -3.12185251e-08,
        3.54375464e-07, -3.36745054e-08,  3.33028514e-08, -2.76062504e-08,
       -3.03921876e-08,  3.58948401e-07, -3.83757286e-07,  5.39639689e-07,
       -1.87669901e-07,  9.38647234e-07, -5.19541601e-07, -4.71690858e-04,
        4.06204648e-04, -1.62710503e-01, -2.62023937e-01, -1.56434678e+00,
       -9.16367127e-10,  5.13363620e-09, -2.84567456e-07, -9.87646713e-08,
        1.02900116e-06, -4.27078827e-07,  2.07074319e-06, -2.87837264e-07,
       -2.91344350e-04,  5.88949519e-04, -2.51451767e-01, -9.94161837e-02,
       -8.68536429e-02, -2.69513686e-08,  3.65676379e-08, -8.43306869e-07,
        2.04011725e-07,  9.08990553e-07, -7.21146656e-07,  8.99962547e-07,
       -2.17662401e-07, -2.02314922e-04,  2.31379421e-04, -1.39556048e-02,
       -3.44907822e-03,  2.29160164e-02, -1.60312112e-08,  2.92470300e-08,
       -2.08420687e-07, -8.51006837e-08,  7.22020279e-07, -4.71134767e-07,
        5.01242103e-07,  7.06591699e-08, -5.84761010e-05,  6.93458426e-05,
       -1.70526182e-02,  4.32672024e-03, -5.74943859e-03, -1.74282871e-08,
        2.39785970e-08,  7.25926729e-08, -2.20438879e-07,  4.61257629e-07,
       -3.61338832e-07,  2.48648232e-07,  2.54949087e-08, -7.69061158e-05,
        1.24427595e-05, -1.17638288e-05, -3.74792770e-05, -1.63432018e-05,
       -1.21075719e-08,  1.09961932e-08,  9.66460188e-09, -9.48153480e-08,
        2.33047548e-07, -2.07239036e-07,  1.07157376e-07,  7.75386100e-08,
       -4.26960345e-05,  2.59768132e-05,  2.03272148e-05, -1.18543874e-05,
       -7.84206018e-06, -1.51856616e-08, -5.94360914e-09, -1.04165452e-07,
       -1.28980025e-08,  6.50105617e-08, -6.91176155e-08,  4.85776983e-08,
        1.02283610e-07, -4.06628053e-08,  1.58205184e-08,  5.11174413e-08,
        2.98205661e-08,  2.55186568e-08,  1.24355038e-08, -1.50927091e-08,
        4.43116545e-08, -8.30540655e-08,  4.33474865e-08, -5.97646936e-08,
       -8.90051562e-08,  2.93426110e-08, -6.29254412e-08, -4.36916957e-08,
       -2.31782432e-08, -4.19489217e-08, -2.91469783e-08,  1.16721213e-08,
       -1.18395637e-08,  1.40271795e-07, -5.09559358e-08,  8.90543834e-08,
       -5.34826200e-09,  1.38993674e-08,  5.46297772e-08,  5.73967291e-09,
        1.75374288e-08,  3.04223685e-08,  1.76971814e-08,  1.02593411e-08,
        4.18346427e-09, -1.12970660e-08,  9.72627684e-08, -5.31376168e-08,
        1.91133430e-08, -4.91658284e-08, -1.95692432e-08,  7.81297058e-09,
       -3.69694530e-08, -1.99745488e-08, -7.88997626e-10, -1.16870747e-08,
       -4.54077180e-09, -1.89866524e-09, -7.70312363e-09,  8.38196338e-08,
       -9.52426189e-09,  2.80230310e-08, -1.19101477e-08,  4.68253126e-09,
        2.04309268e-08, -8.45440875e-09, -4.30345538e-10,  4.18802947e-09,
       -5.79361433e-09, -2.46751111e-09, -3.72819994e-09, -4.99262181e-09,
        4.11985549e-08, -1.21474026e-08,  2.62758715e-08, -2.48509569e-08,
        1.72081139e-09,  2.49703205e-08, -1.09519471e-08,  3.80445541e-09,
        1.31160616e-08,  3.62446209e-09,  3.52266651e-09, -1.18798785e-09,
       -2.37792210e-09,  2.18870163e-09, -2.04046381e-09,  2.07771444e-09,
       -2.42827218e-09, -1.27520372e-09,  9.21183303e-10, -1.50937947e-09,
       -7.01872551e-10, -9.35461315e-11, -7.95127422e-10, -4.19243222e-10,
       -1.58610212e-09, -2.77538661e-09,  2.04888480e-09, -5.48945807e-11,
        3.93273465e-09, -1.15954522e-09,  7.69569660e-11,  2.28143070e-09,
       -1.33646371e-10,  4.11384289e-10,  8.58245854e-10,  2.40193338e-10,
        2.19008825e-10], dtype=float64),
  'x_scale': 'auto',
  'y': Array([0.], dtype=float64)}
