Pre-optimization QS value:0.1263478245322709Pre-optimization quadcoil value:0.4888536178191051Post-optimization QS value:0.126048931198863Post-optimization quadcoil value:0.49174590475378555=== Optimization Result ===
{ 'Objective values': { 'Fixed current profile error: ': [ { 'f': Array(0., dtype=float64),
                                                             'f0': Array(0., dtype=float64)}],
                        'Fixed pressure profile error: ': [ { 'f': Array(0., dtype=float64),
                                                              'f0': Array(0., dtype=float64)}],
                        'Force error: ': [ { 'f0_max': Array(199.70915331, dtype=float64),
                                             'f0_max_norm': Array(0.00032659, dtype=float64),
                                             'f0_mean': Array(0.79942791, dtype=float64),
                                             'f0_mean_norm': Array(1.30734551e-06, dtype=float64),
                                             'f0_min': Array(3.89723448e-06, dtype=float64),
                                             'f0_min_norm': Array(6.37334771e-12, dtype=float64),
                                             'f_max': Array(200.02430431, dtype=float64),
                                             'f_max_norm': Array(0.00032711, dtype=float64),
                                             'f_mean': Array(0.7993461, dtype=float64),
                                             'f_mean_norm': Array(1.30721173e-06, dtype=float64),
                                             'f_min': Array(1.51720102e-06, dtype=float64),
                                             'f_min_norm': Array(2.48115675e-12, dtype=float64)}],
                        'Plasma volume: ': [ { 'f': Array(551.58037171, dtype=float64),
                                               'f0': Array(551.58019431, dtype=float64),
                                               'f0_norm': Array(0.09904486, dtype=float64),
                                               'f_norm': Array(0.09905598, dtype=float64)}],
                        'Quadcoil boundary error: ': [ { 'f0_max': Array(0.01625986, dtype=float64),
                                                         'f0_max_norm': Array(0.02905648, dtype=float64),
                                                         'f0_mean': Array(0.00087304, dtype=float64),
                                                         'f0_mean_norm': Array(0.00156012, dtype=float64),
                                                         'f0_min': Array(6.07722292e-16, dtype=float64),
                                                         'f0_min_norm': Array(1.08600379e-15, dtype=float64),
                                                         'f_max': Array(0.01625487, dtype=float64),
                                                         'f_max_norm': Array(0.02904756, dtype=float64),
                                                         'f_mean': Array(0.00087341, dtype=float64),
                                                         'f_mean_norm': Array(0.00156079, dtype=float64),
                                                         'f_min': Array(5.30279987e-16, dtype=float64),
                                                         'f_min_norm': Array(9.47613876e-16, dtype=float64)}],
                        'Quasi-symmetry (1,0) two-term error: ': [ { 'f0_max': Array(0.00010134, dtype=float64),
                                                                     'f0_max_norm': Array(0.24247012, dtype=float64),
                                                                     'f0_mean': Array(3.247119e-06, dtype=float64),
                                                                     'f0_mean_norm': Array(0.00776908, dtype=float64),
                                                                     'f0_min': Array(-0.00010254, dtype=float64),
                                                                     'f0_min_norm': Array(-0.24532645, dtype=float64),
                                                                     'f_max': Array(0.00010134, dtype=float64),
                                                                     'f_max_norm': Array(0.24246684, dtype=float64),
                                                                     'f_mean': Array(3.24709624e-06, dtype=float64),
                                                                     'f_mean_norm': Array(0.00776903, dtype=float64),
                                                                     'f_min': Array(-0.00010253, dtype=float64),
                                                                     'f_min_norm': Array(-0.2453214, dtype=float64)}],
                        'R boundary error: ': [ { 'f': Array(0., dtype=float64),
                                                  'f0': Array(0., dtype=float64)}],
                        'Rotational transform: ': [ { 'f0_max': Array(-0.09047319, dtype=float64),
                                                      'f0_mean': Array(-0.09047319, dtype=float64),
                                                      'f0_min': Array(-0.09047319, dtype=float64),
                                                      'f_max': Array(-0.09046546, dtype=float64),
                                                      'f_mean': Array(-0.09046546, dtype=float64),
                                                      'f_min': Array(-0.09046546, dtype=float64)},
                                                    { 'f0_max': Array(-0.0403329, dtype=float64),
                                                      'f0_mean': Array(-0.0403329, dtype=float64),
                                                      'f0_min': Array(-0.0403329, dtype=float64),
                                                      'f_max': Array(-0.0402623, dtype=float64),
                                                      'f_mean': Array(-0.0402623, dtype=float64),
                                                      'f_min': Array(-0.0402623, dtype=float64)}],
                        'Total (sum of squares)': { 'f': Array(25.80047288, dtype=float64),
                                                    'f0': Array(25.80279854, dtype=float64)},
                        'Z boundary error: ': [ { 'f': Array(0., dtype=float64),
                                                  'f0': Array(0., dtype=float64)}]},
  'alltr': [ Array(0.04018964, dtype=float64),
             np.float64(0.010047409933006849),
             np.float64(0.0025118524832517123),
             np.float64(0.0006279631208129281),
             np.float64(0.00015699078020323202),
             np.float64(0.0006279631208129281)],
  'allx': [ Array([0., 0., 0., ..., 0., 0., 0.], dtype=float64),
            Array([0., 0., 0., ..., 0., 0., 0.], dtype=float64)],
  'constr_violation': Array(0., dtype=float64),
  'cost': Array(25.80047288, dtype=float64),
  'f0se': Array([ 9.90448645e-02, -5.71407291e+00, -4.20888577e+00, ...,
        7.23520350e-03,  4.60674087e-03,  1.96410913e-03], dtype=float64),
  'fse': Array([ 9.90559841e-02, -5.71396374e+00, -4.20786911e+00, ...,
        7.23174095e-03,  4.62174007e-03,  1.99691784e-03], dtype=float64),
  'fun': Array([ 9.90559841e-02, -5.71396374e+00, -4.20786911e+00, ...,
        7.23174095e-03,  4.62174007e-03,  1.99691784e-03], dtype=float64),
  'history': [ [ { 'G': Array([], shape=(0,), dtype=float64),
                   'I': Array([], shape=(0,), dtype=float64),
                   'L_lmn': Array([ 6.52920296e-08,  1.55327797e-07,  1.32757998e-06, ...,
        9.42350668e-08, -1.00141311e-07,  2.98845111e-07], dtype=float64),
                   'Phi_mn': Array([], shape=(0,), dtype=float64),
                   'Psi': Array([0.56954682], dtype=float64),
                   'R_lmn': Array([ 9.35939085e-08, -2.40196419e-07,  1.60730190e-06, ...,
       -1.54365737e-07, -1.70482016e-07,  0.00000000e+00], dtype=float64),
                   'Ra_n': Array([ 8.18928349e+00,  1.57154755e+00,  7.82534329e-02, -3.50242359e-03,
        9.60715481e-04,  4.19044289e-04,  2.93474385e-05, -1.04334836e-05,
       -5.24297651e-06, -1.77497392e-06, -1.11841829e-06, -6.42030700e-07,
       -4.03538639e-07, -3.81027082e-07, -2.59949263e-07, -7.81166573e-08,
       -2.61265781e-08], dtype=float64),
                   'Rb_lmn': Array([ 0.00000000e+00,  0.00000000e+00,  0.00000000e+00,  0.00000000e+00,
        0.00000000e+00,  0.00000000e+00,  0.00000000e+00,  0.00000000e+00,
        0.00000000e+00,  0.00000000e+00,  0.00000000e+00,  0.00000000e+00,
        0.00000000e+00,  0.00000000e+00,  0.00000000e+00,  0.00000000e+00,
        0.00000000e+00,  0.00000000e+00,  0.00000000e+00,  0.00000000e+00,
        0.00000000e+00,  0.00000000e+00,  0.00000000e+00,  0.00000000e+00,
        0.00000000e+00,  0.00000000e+00,  0.00000000e+00,  0.00000000e+00,
        0.00000000e+00,  0.00000000e+00,  0.00000000e+00,  0.00000000e+00,
        0.00000000e+00,  0.00000000e+00,  0.00000000e+00,  0.00000000e+00,
        0.00000000e+00,  0.00000000e+00,  0.00000000e+00,  0.00000000e+00,
        0.00000000e+00,  0.00000000e+00,  0.00000000e+00,  0.00000000e+00,
        0.00000000e+00,  0.00000000e+00,  0.00000000e+00,  0.00000000e+00,
        0.00000000e+00,  0.00000000e+00,  0.00000000e+00,  0.00000000e+00,
        0.00000000e+00,  0.00000000e+00,  0.00000000e+00,  0.00000000e+00,
        0.00000000e+00,  0.00000000e+00,  0.00000000e+00,  0.00000000e+00,
        0.00000000e+00,  0.00000000e+00,  0.00000000e+00,  0.00000000e+00,
        0.00000000e+00,  0.00000000e+00,  0.00000000e+00,  0.00000000e+00,
        0.00000000e+00,  0.00000000e+00,  0.00000000e+00,  0.00000000e+00,
        0.00000000e+00,  0.00000000e+00,  0.00000000e+00,  0.00000000e+00,
        0.00000000e+00,  0.00000000e+00,  0.00000000e+00,  0.00000000e+00,
        0.00000000e+00,  0.00000000e+00,  0.00000000e+00,  0.00000000e+00,
        0.00000000e+00,  0.00000000e+00,  0.00000000e+00,  0.00000000e+00,
        0.00000000e+00,  0.00000000e+00,  0.00000000e+00,  0.00000000e+00,
        0.00000000e+00,  0.00000000e+00,  0.00000000e+00,  0.00000000e+00,
        0.00000000e+00,  0.00000000e+00,  0.00000000e+00,  0.00000000e+00,
        0.00000000e+00,  0.00000000e+00,  0.00000000e+00,  0.00000000e+00,
        0.00000000e+00,  0.00000000e+00,  0.00000000e+00,  0.00000000e+00,
        0.00000000e+00,  0.00000000e+00,  0.00000000e+00,  0.00000000e+00,
        0.00000000e+00,  0.00000000e+00,  0.00000000e+00,  0.00000000e+00,
        0.00000000e+00,  0.00000000e+00,  0.00000000e+00,  0.00000000e+00,
        0.00000000e+00,  0.00000000e+00,  0.00000000e+00,  0.00000000e+00,
        0.00000000e+00,  0.00000000e+00,  0.00000000e+00,  0.00000000e+00,
        0.00000000e+00,  0.00000000e+00,  0.00000000e+00,  0.00000000e+00,
        0.00000000e+00,  0.00000000e+00,  0.00000000e+00,  0.00000000e+00,
        0.00000000e+00,  0.00000000e+00,  0.00000000e+00,  0.00000000e+00,
        0.00000000e+00,  0.00000000e+00,  0.00000000e+00,  0.00000000e+00,
        0.00000000e+00,  0.00000000e+00,  0.00000000e+00,  0.00000000e+00,
        0.00000000e+00,  0.00000000e+00,  0.00000000e+00,  0.00000000e+00,
        0.00000000e+00,  0.00000000e+00,  0.00000000e+00,  0.00000000e+00,
        0.00000000e+00,  0.00000000e+00,  0.00000000e+00,  0.00000000e+00,
        0.00000000e+00,  0.00000000e+00,  0.00000000e+00,  0.00000000e+00,
        0.00000000e+00,  0.00000000e+00,  0.00000000e+00,  0.00000000e+00,
        0.00000000e+00,  0.00000000e+00,  0.00000000e+00,  0.00000000e+00,
        0.00000000e+00,  0.00000000e+00,  0.00000000e+00,  0.00000000e+00,
        0.00000000e+00,  0.00000000e+00,  0.00000000e+00,  0.00000000e+00,
        0.00000000e+00,  0.00000000e+00,  0.00000000e+00,  0.00000000e+00,
        0.00000000e+00,  0.00000000e+00,  0.00000000e+00,  4.43439108e-05,
        2.14977070e-05,  3.45618891e-05,  2.66357386e-05,  2.32214918e-05,
        0.00000000e+00,  0.00000000e+00,  0.00000000e+00,  0.00000000e+00,
        0.00000000e+00,  0.00000000e+00,  0.00000000e+00,  0.00000000e+00,
        0.00000000e+00,  0.00000000e+00,  0.00000000e+00, -3.32214398e-05,
       -4.97877627e-05, -3.44412024e-05, -3.79915496e-05, -6.79625106e-05,
        0.00000000e+00,  0.00000000e+00,  0.00000000e+00,  0.00000000e+00,
        0.00000000e+00,  0.00000000e+00,  0.00000000e+00,  0.00000000e+00,
        0.00000000e+00,  0.00000000e+00,  0.00000000e+00,  8.92250352e-05,
        6.12599750e-05, -1.52841281e-02, -1.71728130e-02,  2.41508017e-02,
        0.00000000e+00,  0.00000000e+00,  0.00000000e+00,  0.00000000e+00,
        0.00000000e+00,  0.00000000e+00,  0.00000000e+00,  0.00000000e+00,
        0.00000000e+00,  0.00000000e+00,  0.00000000e+00, -7.02327513e-05,
       -7.87883043e-05, -7.11180190e-03, -1.85549260e-03,  1.19820673e-01,
        0.00000000e+00,  0.00000000e+00,  0.00000000e+00,  0.00000000e+00,
        0.00000000e+00,  0.00000000e+00,  0.00000000e+00,  0.00000000e+00,
        0.00000000e+00,  0.00000000e+00,  0.00000000e+00,  2.38309128e-04,
        3.01841532e-04, -3.79945838e-02, -3.43389164e-02, -5.62056733e-02,
        8.00000000e+00,  1.93752393e+00,  3.05553375e-01,  3.42403197e-03,
       -1.87592222e-04,  8.36972801e-04,  0.00000000e+00,  0.00000000e+00,
        0.00000000e+00,  0.00000000e+00,  0.00000000e+00,  0.00000000e+00,
        0.00000000e+00,  0.00000000e+00,  0.00000000e+00,  0.00000000e+00,
        0.00000000e+00,  1.34455024e+00, -2.55082673e-02,  3.81862055e-01,
        1.58723407e-01, -4.46656727e-04,  2.88883830e-04,  0.00000000e+00,
        0.00000000e+00,  0.00000000e+00,  0.00000000e+00,  0.00000000e+00,
        0.00000000e+00,  0.00000000e+00,  0.00000000e+00,  0.00000000e+00,
        0.00000000e+00,  0.00000000e+00, -1.28553727e-03, -4.17201898e-02,
        8.19046870e-02, -4.59686819e-02,  4.08209994e-05,  3.14266550e-04,
        0.00000000e+00,  0.00000000e+00,  0.00000000e+00,  0.00000000e+00,
        0.00000000e+00,  0.00000000e+00,  0.00000000e+00,  0.00000000e+00,
        0.00000000e+00,  0.00000000e+00,  0.00000000e+00, -2.24674526e-02,
        6.64215720e-03,  1.33003555e-02, -3.50264703e-03, -1.05317086e-04,
       -3.15349152e-05,  0.00000000e+00,  0.00000000e+00,  0.00000000e+00,
        0.00000000e+00,  0.00000000e+00,  0.00000000e+00,  0.00000000e+00,
        0.00000000e+00,  0.00000000e+00,  0.00000000e+00,  0.00000000e+00,
        1.70575278e-05,  1.99555009e-05,  2.85023573e-05,  4.24288300e-05,
        4.35195228e-05,  7.20559404e-05,  0.00000000e+00,  0.00000000e+00,
        0.00000000e+00,  0.00000000e+00,  0.00000000e+00,  0.00000000e+00,
        0.00000000e+00,  0.00000000e+00,  0.00000000e+00,  0.00000000e+00,
        0.00000000e+00, -6.00073566e-06, -4.86100109e-06, -1.06319222e-05,
       -2.04729096e-05, -3.59437317e-05, -2.95390857e-05,  0.00000000e+00,
        0.00000000e+00,  0.00000000e+00,  0.00000000e+00,  0.00000000e+00,
        0.00000000e+00,  0.00000000e+00,  0.00000000e+00,  0.00000000e+00,
        0.00000000e+00,  0.00000000e+00,  0.00000000e+00,  0.00000000e+00,
        0.00000000e+00,  0.00000000e+00,  0.00000000e+00,  0.00000000e+00,
        0.00000000e+00,  0.00000000e+00,  0.00000000e+00,  0.00000000e+00,
        0.00000000e+00,  0.00000000e+00,  0.00000000e+00,  0.00000000e+00,
        0.00000000e+00,  0.00000000e+00,  0.00000000e+00,  0.00000000e+00,
        0.00000000e+00,  0.00000000e+00,  0.00000000e+00,  0.00000000e+00,
        0.00000000e+00,  0.00000000e+00,  0.00000000e+00,  0.00000000e+00,
        0.00000000e+00,  0.00000000e+00,  0.00000000e+00,  0.00000000e+00,
        0.00000000e+00,  0.00000000e+00,  0.00000000e+00,  0.00000000e+00,
        0.00000000e+00,  0.00000000e+00,  0.00000000e+00,  0.00000000e+00,
        0.00000000e+00,  0.00000000e+00,  0.00000000e+00,  0.00000000e+00,
        0.00000000e+00,  0.00000000e+00,  0.00000000e+00,  0.00000000e+00,
        0.00000000e+00,  0.00000000e+00,  0.00000000e+00,  0.00000000e+00,
        0.00000000e+00,  0.00000000e+00,  0.00000000e+00,  0.00000000e+00,
        0.00000000e+00,  0.00000000e+00,  0.00000000e+00,  0.00000000e+00,
        0.00000000e+00,  0.00000000e+00,  0.00000000e+00,  0.00000000e+00,
        0.00000000e+00,  0.00000000e+00,  0.00000000e+00,  0.00000000e+00,
        0.00000000e+00,  0.00000000e+00,  0.00000000e+00,  0.00000000e+00,
        0.00000000e+00,  0.00000000e+00,  0.00000000e+00,  0.00000000e+00,
        0.00000000e+00,  0.00000000e+00,  0.00000000e+00,  0.00000000e+00,
        0.00000000e+00,  0.00000000e+00,  0.00000000e+00,  0.00000000e+00,
        0.00000000e+00,  0.00000000e+00,  0.00000000e+00,  0.00000000e+00,
        0.00000000e+00,  0.00000000e+00,  0.00000000e+00,  0.00000000e+00,
        0.00000000e+00,  0.00000000e+00,  0.00000000e+00,  0.00000000e+00,
        0.00000000e+00,  0.00000000e+00,  0.00000000e+00,  0.00000000e+00,
        0.00000000e+00,  0.00000000e+00,  0.00000000e+00,  0.00000000e+00,
        0.00000000e+00,  0.00000000e+00,  0.00000000e+00,  0.00000000e+00,
        0.00000000e+00,  0.00000000e+00,  0.00000000e+00,  0.00000000e+00,
        0.00000000e+00,  0.00000000e+00,  0.00000000e+00,  0.00000000e+00,
        0.00000000e+00,  0.00000000e+00,  0.00000000e+00,  0.00000000e+00,
        0.00000000e+00,  0.00000000e+00,  0.00000000e+00,  0.00000000e+00,
        0.00000000e+00,  0.00000000e+00,  0.00000000e+00,  0.00000000e+00,
        0.00000000e+00,  0.00000000e+00,  0.00000000e+00,  0.00000000e+00,
        0.00000000e+00,  0.00000000e+00,  0.00000000e+00,  0.00000000e+00,
        0.00000000e+00,  0.00000000e+00,  0.00000000e+00,  0.00000000e+00,
        0.00000000e+00,  0.00000000e+00,  0.00000000e+00,  0.00000000e+00,
        0.00000000e+00,  0.00000000e+00,  0.00000000e+00,  0.00000000e+00,
        0.00000000e+00,  0.00000000e+00,  0.00000000e+00,  0.00000000e+00,
        0.00000000e+00,  0.00000000e+00,  0.00000000e+00,  0.00000000e+00,
        0.00000000e+00,  0.00000000e+00,  0.00000000e+00,  0.00000000e+00,
        0.00000000e+00,  0.00000000e+00,  0.00000000e+00,  0.00000000e+00,
        0.00000000e+00,  0.00000000e+00,  0.00000000e+00,  0.00000000e+00,
        0.00000000e+00,  0.00000000e+00,  0.00000000e+00,  0.00000000e+00,
        0.00000000e+00,  0.00000000e+00,  0.00000000e+00,  0.00000000e+00,
        0.00000000e+00,  0.00000000e+00,  0.00000000e+00,  0.00000000e+00,
        0.00000000e+00,  0.00000000e+00,  0.00000000e+00,  0.00000000e+00,
        0.00000000e+00,  0.00000000e+00,  0.00000000e+00,  0.00000000e+00,
        0.00000000e+00], dtype=float64),
                   'Te_l': Array([], shape=(0,), dtype=float64),
                   'Ti_l': Array([], shape=(0,), dtype=float64),
                   'Z_lmn': Array([-1.82169282e-07, -5.06197111e-07, -1.77347185e-08, ...,
       -2.10170686e-08,  7.95658083e-08, -1.32044689e-07], dtype=float64),
                   'Za_n': Array([ 2.17784635e-07,  1.82322810e-07,  2.82464492e-07,  3.64222068e-07,
        5.53393821e-07,  6.34583573e-07,  8.22011332e-07,  9.91735732e-07,
        3.61380104e-07, -6.13601627e-06, -6.67107378e-05, -1.13129124e-05,
        2.08983334e-03,  8.53005622e-03,  1.01021456e-01,  1.44265580e+00],      dtype=float64),
                   'Zb_lmn': Array([ 0.00000000e+00,  0.00000000e+00,  0.00000000e+00,  0.00000000e+00,
        0.00000000e+00,  0.00000000e+00,  0.00000000e+00,  0.00000000e+00,
        0.00000000e+00,  0.00000000e+00,  0.00000000e+00,  0.00000000e+00,
        0.00000000e+00,  0.00000000e+00,  0.00000000e+00,  0.00000000e+00,
        0.00000000e+00,  0.00000000e+00,  0.00000000e+00,  0.00000000e+00,
        0.00000000e+00,  0.00000000e+00,  0.00000000e+00,  0.00000000e+00,
        0.00000000e+00,  0.00000000e+00,  0.00000000e+00,  0.00000000e+00,
        0.00000000e+00,  0.00000000e+00,  0.00000000e+00,  0.00000000e+00,
        0.00000000e+00,  0.00000000e+00,  0.00000000e+00,  0.00000000e+00,
        0.00000000e+00,  0.00000000e+00,  0.00000000e+00,  0.00000000e+00,
        0.00000000e+00,  0.00000000e+00,  0.00000000e+00,  0.00000000e+00,
        0.00000000e+00,  0.00000000e+00,  0.00000000e+00,  0.00000000e+00,
        0.00000000e+00,  0.00000000e+00,  0.00000000e+00,  0.00000000e+00,
        0.00000000e+00,  0.00000000e+00,  0.00000000e+00,  0.00000000e+00,
        0.00000000e+00,  0.00000000e+00,  0.00000000e+00,  0.00000000e+00,
        0.00000000e+00,  0.00000000e+00,  0.00000000e+00,  0.00000000e+00,
        0.00000000e+00,  0.00000000e+00,  0.00000000e+00,  0.00000000e+00,
        0.00000000e+00,  0.00000000e+00,  0.00000000e+00,  0.00000000e+00,
        0.00000000e+00,  0.00000000e+00,  0.00000000e+00,  0.00000000e+00,
        0.00000000e+00,  0.00000000e+00,  0.00000000e+00,  0.00000000e+00,
        0.00000000e+00,  0.00000000e+00,  0.00000000e+00,  0.00000000e+00,
        0.00000000e+00,  0.00000000e+00,  0.00000000e+00,  0.00000000e+00,
        0.00000000e+00,  0.00000000e+00,  0.00000000e+00,  0.00000000e+00,
        0.00000000e+00,  0.00000000e+00,  0.00000000e+00,  0.00000000e+00,
        0.00000000e+00,  0.00000000e+00,  0.00000000e+00,  0.00000000e+00,
        0.00000000e+00,  0.00000000e+00,  0.00000000e+00,  0.00000000e+00,
        0.00000000e+00,  0.00000000e+00,  0.00000000e+00,  0.00000000e+00,
        0.00000000e+00,  0.00000000e+00,  0.00000000e+00,  0.00000000e+00,
        0.00000000e+00,  0.00000000e+00,  0.00000000e+00,  0.00000000e+00,
        0.00000000e+00,  0.00000000e+00,  0.00000000e+00,  0.00000000e+00,
        0.00000000e+00,  0.00000000e+00,  0.00000000e+00,  0.00000000e+00,
        0.00000000e+00,  0.00000000e+00,  0.00000000e+00,  0.00000000e+00,
        0.00000000e+00,  0.00000000e+00,  0.00000000e+00,  0.00000000e+00,
        0.00000000e+00,  0.00000000e+00,  0.00000000e+00,  0.00000000e+00,
        0.00000000e+00,  0.00000000e+00,  0.00000000e+00,  0.00000000e+00,
        0.00000000e+00,  0.00000000e+00,  0.00000000e+00,  0.00000000e+00,
        0.00000000e+00,  0.00000000e+00,  0.00000000e+00,  0.00000000e+00,
        0.00000000e+00,  0.00000000e+00,  0.00000000e+00,  0.00000000e+00,
        0.00000000e+00,  0.00000000e+00,  0.00000000e+00,  0.00000000e+00,
        0.00000000e+00,  0.00000000e+00,  0.00000000e+00,  0.00000000e+00,
        0.00000000e+00,  0.00000000e+00,  0.00000000e+00,  0.00000000e+00,
        0.00000000e+00,  0.00000000e+00,  0.00000000e+00,  0.00000000e+00,
        0.00000000e+00,  0.00000000e+00,  0.00000000e+00,  0.00000000e+00,
        0.00000000e+00,  0.00000000e+00,  0.00000000e+00,  0.00000000e+00,
        0.00000000e+00,  0.00000000e+00,  0.00000000e+00,  0.00000000e+00,
        0.00000000e+00,  0.00000000e+00,  0.00000000e+00,  0.00000000e+00,
        0.00000000e+00,  0.00000000e+00,  0.00000000e+00, -2.36406962e-05,
       -5.05286164e-05, -2.44227886e-05, -1.25350063e-05, -2.79522077e-05,
       -4.45335923e-05,  0.00000000e+00,  0.00000000e+00,  0.00000000e+00,
        0.00000000e+00,  0.00000000e+00,  0.00000000e+00,  0.00000000e+00,
        0.00000000e+00,  0.00000000e+00,  0.00000000e+00,  0.00000000e+00,
        2.66928665e-05,  6.20782851e-05,  1.15124605e-07, -3.38570120e-06,
       -2.28314419e-05, -1.25088017e-05,  0.00000000e+00,  0.00000000e+00,
        0.00000000e+00,  0.00000000e+00,  0.00000000e+00,  0.00000000e+00,
        0.00000000e+00,  0.00000000e+00,  0.00000000e+00,  0.00000000e+00,
        0.00000000e+00, -1.52255188e-02, -2.13310175e-02, -3.59408648e-04,
       -1.96109443e-02, -4.13946830e-05, -5.24773106e-05,  0.00000000e+00,
        0.00000000e+00,  0.00000000e+00,  0.00000000e+00,  0.00000000e+00,
        0.00000000e+00,  0.00000000e+00,  0.00000000e+00,  0.00000000e+00,
        0.00000000e+00,  0.00000000e+00,  9.67846679e-02,  1.06963032e-01,
        4.73729038e-02,  4.41562960e-02, -1.41730821e-04, -1.03345277e-04,
        0.00000000e+00,  0.00000000e+00,  0.00000000e+00,  0.00000000e+00,
        0.00000000e+00,  0.00000000e+00,  0.00000000e+00,  0.00000000e+00,
        0.00000000e+00,  0.00000000e+00,  0.00000000e+00,  1.49602544e+00,
        6.80233889e-02,  8.41178063e-03, -1.13643833e-02, -1.65018207e-04,
       -5.79163181e-05,  0.00000000e+00,  0.00000000e+00,  0.00000000e+00,
        0.00000000e+00,  0.00000000e+00,  0.00000000e+00,  0.00000000e+00,
        0.00000000e+00,  0.00000000e+00,  0.00000000e+00,  0.00000000e+00,
        0.00000000e+00,  0.00000000e+00,  0.00000000e+00,  0.00000000e+00,
        0.00000000e+00,  0.00000000e+00,  0.00000000e+00,  0.00000000e+00,
        0.00000000e+00,  0.00000000e+00,  0.00000000e+00, -4.70922032e-04,
        4.05473444e-04, -1.62710324e-01, -2.62023733e-01, -1.56434660e+00,
        0.00000000e+00,  0.00000000e+00,  0.00000000e+00,  0.00000000e+00,
        0.00000000e+00,  0.00000000e+00,  0.00000000e+00,  0.00000000e+00,
        0.00000000e+00,  0.00000000e+00,  0.00000000e+00, -2.90796746e-04,
        5.87987111e-04, -2.51451313e-01, -9.94160946e-02, -8.68536417e-02,
        0.00000000e+00,  0.00000000e+00,  0.00000000e+00,  0.00000000e+00,
        0.00000000e+00,  0.00000000e+00,  0.00000000e+00,  0.00000000e+00,
        0.00000000e+00,  0.00000000e+00,  0.00000000e+00, -2.01961219e-04,
        2.30994474e-04, -1.39556812e-02, -3.44893633e-03,  2.29160885e-02,
        0.00000000e+00,  0.00000000e+00,  0.00000000e+00,  0.00000000e+00,
        0.00000000e+00,  0.00000000e+00,  0.00000000e+00,  0.00000000e+00,
        0.00000000e+00,  0.00000000e+00,  0.00000000e+00, -5.83597595e-05,
        6.92486902e-05, -1.70526111e-02,  4.32665496e-03, -5.74949080e-03,
        0.00000000e+00,  0.00000000e+00,  0.00000000e+00,  0.00000000e+00,
        0.00000000e+00,  0.00000000e+00,  0.00000000e+00,  0.00000000e+00,
        0.00000000e+00,  0.00000000e+00,  0.00000000e+00, -7.67852270e-05,
        1.24252099e-05, -1.17512037e-05, -3.74085865e-05, -1.63141291e-05,
        0.00000000e+00,  0.00000000e+00,  0.00000000e+00,  0.00000000e+00,
        0.00000000e+00,  0.00000000e+00,  0.00000000e+00,  0.00000000e+00,
        0.00000000e+00,  0.00000000e+00,  0.00000000e+00, -4.26201476e-05,
        2.59498885e-05,  2.02905123e-05, -1.18341661e-05, -7.83012257e-06,
        0.00000000e+00,  0.00000000e+00,  0.00000000e+00,  0.00000000e+00,
        0.00000000e+00,  0.00000000e+00,  0.00000000e+00,  0.00000000e+00,
        0.00000000e+00,  0.00000000e+00,  0.00000000e+00,  0.00000000e+00,
        0.00000000e+00,  0.00000000e+00,  0.00000000e+00,  0.00000000e+00,
        0.00000000e+00,  0.00000000e+00,  0.00000000e+00,  0.00000000e+00,
        0.00000000e+00,  0.00000000e+00,  0.00000000e+00,  0.00000000e+00,
        0.00000000e+00,  0.00000000e+00,  0.00000000e+00,  0.00000000e+00,
        0.00000000e+00,  0.00000000e+00,  0.00000000e+00,  0.00000000e+00,
        0.00000000e+00,  0.00000000e+00,  0.00000000e+00,  0.00000000e+00,
        0.00000000e+00,  0.00000000e+00,  0.00000000e+00,  0.00000000e+00,
        0.00000000e+00,  0.00000000e+00,  0.00000000e+00,  0.00000000e+00,
        0.00000000e+00,  0.00000000e+00,  0.00000000e+00,  0.00000000e+00,
        0.00000000e+00,  0.00000000e+00,  0.00000000e+00,  0.00000000e+00,
        0.00000000e+00,  0.00000000e+00,  0.00000000e+00,  0.00000000e+00,
        0.00000000e+00,  0.00000000e+00,  0.00000000e+00,  0.00000000e+00,
        0.00000000e+00,  0.00000000e+00,  0.00000000e+00,  0.00000000e+00,
        0.00000000e+00,  0.00000000e+00,  0.00000000e+00,  0.00000000e+00,
        0.00000000e+00,  0.00000000e+00,  0.00000000e+00,  0.00000000e+00,
        0.00000000e+00,  0.00000000e+00,  0.00000000e+00,  0.00000000e+00,
        0.00000000e+00,  0.00000000e+00,  0.00000000e+00,  0.00000000e+00,
        0.00000000e+00,  0.00000000e+00,  0.00000000e+00,  0.00000000e+00,
        0.00000000e+00,  0.00000000e+00,  0.00000000e+00,  0.00000000e+00,
        0.00000000e+00,  0.00000000e+00,  0.00000000e+00,  0.00000000e+00,
        0.00000000e+00,  0.00000000e+00,  0.00000000e+00,  0.00000000e+00,
        0.00000000e+00,  0.00000000e+00,  0.00000000e+00,  0.00000000e+00,
        0.00000000e+00,  0.00000000e+00,  0.00000000e+00,  0.00000000e+00,
        0.00000000e+00,  0.00000000e+00,  0.00000000e+00,  0.00000000e+00,
        0.00000000e+00,  0.00000000e+00,  0.00000000e+00,  0.00000000e+00,
        0.00000000e+00,  0.00000000e+00,  0.00000000e+00,  0.00000000e+00,
        0.00000000e+00,  0.00000000e+00,  0.00000000e+00,  0.00000000e+00,
        0.00000000e+00,  0.00000000e+00,  0.00000000e+00,  0.00000000e+00,
        0.00000000e+00,  0.00000000e+00,  0.00000000e+00,  0.00000000e+00,
        0.00000000e+00,  0.00000000e+00,  0.00000000e+00,  0.00000000e+00,
        0.00000000e+00,  0.00000000e+00,  0.00000000e+00,  0.00000000e+00,
        0.00000000e+00,  0.00000000e+00,  0.00000000e+00,  0.00000000e+00,
        0.00000000e+00,  0.00000000e+00,  0.00000000e+00,  0.00000000e+00,
        0.00000000e+00,  0.00000000e+00,  0.00000000e+00,  0.00000000e+00,
        0.00000000e+00,  0.00000000e+00,  0.00000000e+00,  0.00000000e+00,
        0.00000000e+00,  0.00000000e+00,  0.00000000e+00,  0.00000000e+00,
        0.00000000e+00,  0.00000000e+00,  0.00000000e+00,  0.00000000e+00,
        0.00000000e+00,  0.00000000e+00,  0.00000000e+00,  0.00000000e+00,
        0.00000000e+00,  0.00000000e+00,  0.00000000e+00,  0.00000000e+00,
        0.00000000e+00,  0.00000000e+00,  0.00000000e+00,  0.00000000e+00,
        0.00000000e+00,  0.00000000e+00,  0.00000000e+00,  0.00000000e+00],      dtype=float64),
                   'Zeff_l': Array([], shape=(0,), dtype=float64),
                   'a_lmn': Array([], shape=(0,), dtype=float64),
                   'c_l': Array([0., 0., 0., 0., 0., 0., 0., 0., 0.], dtype=float64),
                   'i_l': Array([], shape=(0,), dtype=float64),
                   'ne_l': Array([], shape=(0,), dtype=float64),
                   'ni_l': Array([], shape=(0,), dtype=float64),
                   'p_l': Array([0., 0., 0., 0., 0., 0., 0., 0., 0.], dtype=float64)}],
               [ { 'G': Array([], shape=(0,), dtype=float64),
                   'I': Array([], shape=(0,), dtype=float64),
                   'L_lmn': Array([ 6.52920296e-08,  1.55327797e-07,  1.32757998e-06, ...,
        9.42350668e-08, -1.00141311e-07,  2.98845111e-07], dtype=float64),
                   'Phi_mn': Array([], shape=(0,), dtype=float64),
                   'Psi': Array([0.56954682], dtype=float64),
                   'R_lmn': Array([ 9.35939085e-08, -2.40196419e-07,  1.60730190e-06, ...,
       -1.54365737e-07, -1.70482016e-07,  0.00000000e+00], dtype=float64),
                   'Ra_n': Array([ 8.18928349e+00,  1.57154755e+00,  7.82534329e-02, -3.50242359e-03,
        9.60715481e-04,  4.19044289e-04,  2.93474385e-05, -1.04334836e-05,
       -5.24297651e-06, -1.77497392e-06, -1.11841829e-06, -6.42030700e-07,
       -4.03538639e-07, -3.81027082e-07, -2.59949263e-07, -7.81166573e-08,
       -2.61265781e-08], dtype=float64),
                   'Rb_lmn': Array([ 0.00000000e+00,  0.00000000e+00,  0.00000000e+00,  0.00000000e+00,
        0.00000000e+00,  0.00000000e+00,  0.00000000e+00,  0.00000000e+00,
        0.00000000e+00,  0.00000000e+00,  0.00000000e+00,  0.00000000e+00,
        0.00000000e+00,  0.00000000e+00,  0.00000000e+00,  0.00000000e+00,
        0.00000000e+00,  0.00000000e+00,  0.00000000e+00,  0.00000000e+00,
        0.00000000e+00,  0.00000000e+00,  0.00000000e+00,  0.00000000e+00,
        0.00000000e+00,  0.00000000e+00,  0.00000000e+00,  0.00000000e+00,
        0.00000000e+00,  0.00000000e+00,  0.00000000e+00,  0.00000000e+00,
        0.00000000e+00,  0.00000000e+00,  0.00000000e+00,  0.00000000e+00,
        0.00000000e+00,  0.00000000e+00,  0.00000000e+00,  0.00000000e+00,
        0.00000000e+00,  0.00000000e+00,  0.00000000e+00,  0.00000000e+00,
        0.00000000e+00,  0.00000000e+00,  0.00000000e+00,  0.00000000e+00,
        0.00000000e+00,  0.00000000e+00,  0.00000000e+00,  0.00000000e+00,
        0.00000000e+00,  0.00000000e+00,  0.00000000e+00,  0.00000000e+00,
        0.00000000e+00,  0.00000000e+00,  0.00000000e+00,  0.00000000e+00,
        0.00000000e+00,  0.00000000e+00,  0.00000000e+00,  0.00000000e+00,
        0.00000000e+00,  0.00000000e+00,  0.00000000e+00,  0.00000000e+00,
        0.00000000e+00,  0.00000000e+00,  0.00000000e+00,  0.00000000e+00,
        0.00000000e+00,  0.00000000e+00,  0.00000000e+00,  0.00000000e+00,
        0.00000000e+00,  0.00000000e+00,  0.00000000e+00,  0.00000000e+00,
        0.00000000e+00,  0.00000000e+00,  0.00000000e+00,  0.00000000e+00,
        0.00000000e+00,  0.00000000e+00,  0.00000000e+00,  0.00000000e+00,
        0.00000000e+00,  0.00000000e+00,  0.00000000e+00,  0.00000000e+00,
        0.00000000e+00,  0.00000000e+00,  0.00000000e+00,  0.00000000e+00,
        0.00000000e+00,  0.00000000e+00,  0.00000000e+00,  0.00000000e+00,
        0.00000000e+00,  0.00000000e+00,  0.00000000e+00,  0.00000000e+00,
        0.00000000e+00,  0.00000000e+00,  0.00000000e+00,  0.00000000e+00,
        0.00000000e+00,  0.00000000e+00,  0.00000000e+00,  0.00000000e+00,
        0.00000000e+00,  0.00000000e+00,  0.00000000e+00,  0.00000000e+00,
        0.00000000e+00,  0.00000000e+00,  0.00000000e+00,  0.00000000e+00,
        0.00000000e+00,  0.00000000e+00,  0.00000000e+00,  0.00000000e+00,
        0.00000000e+00,  0.00000000e+00,  0.00000000e+00,  0.00000000e+00,
        0.00000000e+00,  0.00000000e+00,  0.00000000e+00,  0.00000000e+00,
        0.00000000e+00,  0.00000000e+00,  0.00000000e+00,  0.00000000e+00,
        0.00000000e+00,  0.00000000e+00,  0.00000000e+00,  0.00000000e+00,
        0.00000000e+00,  0.00000000e+00,  0.00000000e+00,  0.00000000e+00,
        0.00000000e+00,  0.00000000e+00,  0.00000000e+00,  0.00000000e+00,
        0.00000000e+00,  0.00000000e+00,  0.00000000e+00,  0.00000000e+00,
        0.00000000e+00,  0.00000000e+00,  0.00000000e+00,  0.00000000e+00,
        0.00000000e+00,  0.00000000e+00,  0.00000000e+00,  0.00000000e+00,
        0.00000000e+00,  0.00000000e+00,  0.00000000e+00,  0.00000000e+00,
        0.00000000e+00,  0.00000000e+00,  0.00000000e+00,  0.00000000e+00,
        0.00000000e+00,  0.00000000e+00,  0.00000000e+00,  0.00000000e+00,
        0.00000000e+00,  0.00000000e+00,  0.00000000e+00,  0.00000000e+00,
        0.00000000e+00,  0.00000000e+00,  0.00000000e+00,  0.00000000e+00,
        0.00000000e+00,  0.00000000e+00,  0.00000000e+00,  0.00000000e+00,
        0.00000000e+00,  0.00000000e+00,  0.00000000e+00,  4.43439108e-05,
        2.14977070e-05,  3.45618891e-05,  2.66357386e-05,  2.32214918e-05,
        0.00000000e+00,  0.00000000e+00,  0.00000000e+00,  0.00000000e+00,
        0.00000000e+00,  0.00000000e+00,  0.00000000e+00,  0.00000000e+00,
        0.00000000e+00,  0.00000000e+00,  0.00000000e+00, -3.32214398e-05,
       -4.97877627e-05, -3.44412024e-05, -3.79915496e-05, -6.79625106e-05,
        0.00000000e+00,  0.00000000e+00,  0.00000000e+00,  0.00000000e+00,
        0.00000000e+00,  0.00000000e+00,  0.00000000e+00,  0.00000000e+00,
        0.00000000e+00,  0.00000000e+00,  0.00000000e+00,  8.92250352e-05,
        6.12599750e-05, -1.52841281e-02, -1.71728130e-02,  2.41508017e-02,
        0.00000000e+00,  0.00000000e+00,  0.00000000e+00,  0.00000000e+00,
        0.00000000e+00,  0.00000000e+00,  0.00000000e+00,  0.00000000e+00,
        0.00000000e+00,  0.00000000e+00,  0.00000000e+00, -7.02327513e-05,
       -7.87883043e-05, -7.11180190e-03, -1.85549260e-03,  1.19820673e-01,
        0.00000000e+00,  0.00000000e+00,  0.00000000e+00,  0.00000000e+00,
        0.00000000e+00,  0.00000000e+00,  0.00000000e+00,  0.00000000e+00,
        0.00000000e+00,  0.00000000e+00,  0.00000000e+00,  2.38309128e-04,
        3.01841532e-04, -3.79945838e-02, -3.43389164e-02, -5.62056733e-02,
        8.00000000e+00,  1.93752393e+00,  3.05553375e-01,  3.42403197e-03,
       -1.87592222e-04,  8.36972801e-04,  0.00000000e+00,  0.00000000e+00,
        0.00000000e+00,  0.00000000e+00,  0.00000000e+00,  0.00000000e+00,
        0.00000000e+00,  0.00000000e+00,  0.00000000e+00,  0.00000000e+00,
        0.00000000e+00,  1.34455024e+00, -2.55082673e-02,  3.81862055e-01,
        1.58723407e-01, -4.46656727e-04,  2.88883830e-04,  0.00000000e+00,
        0.00000000e+00,  0.00000000e+00,  0.00000000e+00,  0.00000000e+00,
        0.00000000e+00,  0.00000000e+00,  0.00000000e+00,  0.00000000e+00,
        0.00000000e+00,  0.00000000e+00, -1.28553727e-03, -4.17201898e-02,
        8.19046870e-02, -4.59686819e-02,  4.08209994e-05,  3.14266550e-04,
        0.00000000e+00,  0.00000000e+00,  0.00000000e+00,  0.00000000e+00,
        0.00000000e+00,  0.00000000e+00,  0.00000000e+00,  0.00000000e+00,
        0.00000000e+00,  0.00000000e+00,  0.00000000e+00, -2.24674526e-02,
        6.64215720e-03,  1.33003555e-02, -3.50264703e-03, -1.05317086e-04,
       -3.15349152e-05,  0.00000000e+00,  0.00000000e+00,  0.00000000e+00,
        0.00000000e+00,  0.00000000e+00,  0.00000000e+00,  0.00000000e+00,
        0.00000000e+00,  0.00000000e+00,  0.00000000e+00,  0.00000000e+00,
        1.70575278e-05,  1.99555009e-05,  2.85023573e-05,  4.24288300e-05,
        4.35195228e-05,  7.20559404e-05,  0.00000000e+00,  0.00000000e+00,
        0.00000000e+00,  0.00000000e+00,  0.00000000e+00,  0.00000000e+00,
        0.00000000e+00,  0.00000000e+00,  0.00000000e+00,  0.00000000e+00,
        0.00000000e+00, -6.00073566e-06, -4.86100109e-06, -1.06319222e-05,
       -2.04729096e-05, -3.59437317e-05, -2.95390857e-05,  0.00000000e+00,
        0.00000000e+00,  0.00000000e+00,  0.00000000e+00,  0.00000000e+00,
        0.00000000e+00,  0.00000000e+00,  0.00000000e+00,  0.00000000e+00,
        0.00000000e+00,  0.00000000e+00,  0.00000000e+00,  0.00000000e+00,
        0.00000000e+00,  0.00000000e+00,  0.00000000e+00,  0.00000000e+00,
        0.00000000e+00,  0.00000000e+00,  0.00000000e+00,  0.00000000e+00,
        0.00000000e+00,  0.00000000e+00,  0.00000000e+00,  0.00000000e+00,
        0.00000000e+00,  0.00000000e+00,  0.00000000e+00,  0.00000000e+00,
        0.00000000e+00,  0.00000000e+00,  0.00000000e+00,  0.00000000e+00,
        0.00000000e+00,  0.00000000e+00,  0.00000000e+00,  0.00000000e+00,
        0.00000000e+00,  0.00000000e+00,  0.00000000e+00,  0.00000000e+00,
        0.00000000e+00,  0.00000000e+00,  0.00000000e+00,  0.00000000e+00,
        0.00000000e+00,  0.00000000e+00,  0.00000000e+00,  0.00000000e+00,
        0.00000000e+00,  0.00000000e+00,  0.00000000e+00,  0.00000000e+00,
        0.00000000e+00,  0.00000000e+00,  0.00000000e+00,  0.00000000e+00,
        0.00000000e+00,  0.00000000e+00,  0.00000000e+00,  0.00000000e+00,
        0.00000000e+00,  0.00000000e+00,  0.00000000e+00,  0.00000000e+00,
        0.00000000e+00,  0.00000000e+00,  0.00000000e+00,  0.00000000e+00,
        0.00000000e+00,  0.00000000e+00,  0.00000000e+00,  0.00000000e+00,
        0.00000000e+00,  0.00000000e+00,  0.00000000e+00,  0.00000000e+00,
        0.00000000e+00,  0.00000000e+00,  0.00000000e+00,  0.00000000e+00,
        0.00000000e+00,  0.00000000e+00,  0.00000000e+00,  0.00000000e+00,
        0.00000000e+00,  0.00000000e+00,  0.00000000e+00,  0.00000000e+00,
        0.00000000e+00,  0.00000000e+00,  0.00000000e+00,  0.00000000e+00,
        0.00000000e+00,  0.00000000e+00,  0.00000000e+00,  0.00000000e+00,
        0.00000000e+00,  0.00000000e+00,  0.00000000e+00,  0.00000000e+00,
        0.00000000e+00,  0.00000000e+00,  0.00000000e+00,  0.00000000e+00,
        0.00000000e+00,  0.00000000e+00,  0.00000000e+00,  0.00000000e+00,
        0.00000000e+00,  0.00000000e+00,  0.00000000e+00,  0.00000000e+00,
        0.00000000e+00,  0.00000000e+00,  0.00000000e+00,  0.00000000e+00,
        0.00000000e+00,  0.00000000e+00,  0.00000000e+00,  0.00000000e+00,
        0.00000000e+00,  0.00000000e+00,  0.00000000e+00,  0.00000000e+00,
        0.00000000e+00,  0.00000000e+00,  0.00000000e+00,  0.00000000e+00,
        0.00000000e+00,  0.00000000e+00,  0.00000000e+00,  0.00000000e+00,
        0.00000000e+00,  0.00000000e+00,  0.00000000e+00,  0.00000000e+00,
        0.00000000e+00,  0.00000000e+00,  0.00000000e+00,  0.00000000e+00,
        0.00000000e+00,  0.00000000e+00,  0.00000000e+00,  0.00000000e+00,
        0.00000000e+00,  0.00000000e+00,  0.00000000e+00,  0.00000000e+00,
        0.00000000e+00,  0.00000000e+00,  0.00000000e+00,  0.00000000e+00,
        0.00000000e+00,  0.00000000e+00,  0.00000000e+00,  0.00000000e+00,
        0.00000000e+00,  0.00000000e+00,  0.00000000e+00,  0.00000000e+00,
        0.00000000e+00,  0.00000000e+00,  0.00000000e+00,  0.00000000e+00,
        0.00000000e+00,  0.00000000e+00,  0.00000000e+00,  0.00000000e+00,
        0.00000000e+00,  0.00000000e+00,  0.00000000e+00,  0.00000000e+00,
        0.00000000e+00,  0.00000000e+00,  0.00000000e+00,  0.00000000e+00,
        0.00000000e+00,  0.00000000e+00,  0.00000000e+00,  0.00000000e+00,
        0.00000000e+00,  0.00000000e+00,  0.00000000e+00,  0.00000000e+00,
        0.00000000e+00,  0.00000000e+00,  0.00000000e+00,  0.00000000e+00,
        0.00000000e+00,  0.00000000e+00,  0.00000000e+00,  0.00000000e+00,
        0.00000000e+00,  0.00000000e+00,  0.00000000e+00,  0.00000000e+00,
        0.00000000e+00], dtype=float64),
                   'Te_l': Array([], shape=(0,), dtype=float64),
                   'Ti_l': Array([], shape=(0,), dtype=float64),
                   'Z_lmn': Array([-1.82169282e-07, -5.06197111e-07, -1.77347185e-08, ...,
       -2.10170686e-08,  7.95658083e-08, -1.32044689e-07], dtype=float64),
                   'Za_n': Array([ 2.17784635e-07,  1.82322810e-07,  2.82464492e-07,  3.64222068e-07,
        5.53393821e-07,  6.34583573e-07,  8.22011332e-07,  9.91735732e-07,
        3.61380104e-07, -6.13601627e-06, -6.67107378e-05, -1.13129124e-05,
        2.08983334e-03,  8.53005622e-03,  1.01021456e-01,  1.44265580e+00],      dtype=float64),
                   'Zb_lmn': Array([ 0.00000000e+00,  0.00000000e+00,  0.00000000e+00,  0.00000000e+00,
        0.00000000e+00,  0.00000000e+00,  0.00000000e+00,  0.00000000e+00,
        0.00000000e+00,  0.00000000e+00,  0.00000000e+00,  0.00000000e+00,
        0.00000000e+00,  0.00000000e+00,  0.00000000e+00,  0.00000000e+00,
        0.00000000e+00,  0.00000000e+00,  0.00000000e+00,  0.00000000e+00,
        0.00000000e+00,  0.00000000e+00,  0.00000000e+00,  0.00000000e+00,
        0.00000000e+00,  0.00000000e+00,  0.00000000e+00,  0.00000000e+00,
        0.00000000e+00,  0.00000000e+00,  0.00000000e+00,  0.00000000e+00,
        0.00000000e+00,  0.00000000e+00,  0.00000000e+00,  0.00000000e+00,
        0.00000000e+00,  0.00000000e+00,  0.00000000e+00,  0.00000000e+00,
        0.00000000e+00,  0.00000000e+00,  0.00000000e+00,  0.00000000e+00,
        0.00000000e+00,  0.00000000e+00,  0.00000000e+00,  0.00000000e+00,
        0.00000000e+00,  0.00000000e+00,  0.00000000e+00,  0.00000000e+00,
        0.00000000e+00,  0.00000000e+00,  0.00000000e+00,  0.00000000e+00,
        0.00000000e+00,  0.00000000e+00,  0.00000000e+00,  0.00000000e+00,
        0.00000000e+00,  0.00000000e+00,  0.00000000e+00,  0.00000000e+00,
        0.00000000e+00,  0.00000000e+00,  0.00000000e+00,  0.00000000e+00,
        0.00000000e+00,  0.00000000e+00,  0.00000000e+00,  0.00000000e+00,
        0.00000000e+00,  0.00000000e+00,  0.00000000e+00,  0.00000000e+00,
        0.00000000e+00,  0.00000000e+00,  0.00000000e+00,  0.00000000e+00,
        0.00000000e+00,  0.00000000e+00,  0.00000000e+00,  0.00000000e+00,
        0.00000000e+00,  0.00000000e+00,  0.00000000e+00,  0.00000000e+00,
        0.00000000e+00,  0.00000000e+00,  0.00000000e+00,  0.00000000e+00,
        0.00000000e+00,  0.00000000e+00,  0.00000000e+00,  0.00000000e+00,
        0.00000000e+00,  0.00000000e+00,  0.00000000e+00,  0.00000000e+00,
        0.00000000e+00,  0.00000000e+00,  0.00000000e+00,  0.00000000e+00,
        0.00000000e+00,  0.00000000e+00,  0.00000000e+00,  0.00000000e+00,
        0.00000000e+00,  0.00000000e+00,  0.00000000e+00,  0.00000000e+00,
        0.00000000e+00,  0.00000000e+00,  0.00000000e+00,  0.00000000e+00,
        0.00000000e+00,  0.00000000e+00,  0.00000000e+00,  0.00000000e+00,
        0.00000000e+00,  0.00000000e+00,  0.00000000e+00,  0.00000000e+00,
        0.00000000e+00,  0.00000000e+00,  0.00000000e+00,  0.00000000e+00,
        0.00000000e+00,  0.00000000e+00,  0.00000000e+00,  0.00000000e+00,
        0.00000000e+00,  0.00000000e+00,  0.00000000e+00,  0.00000000e+00,
        0.00000000e+00,  0.00000000e+00,  0.00000000e+00,  0.00000000e+00,
        0.00000000e+00,  0.00000000e+00,  0.00000000e+00,  0.00000000e+00,
        0.00000000e+00,  0.00000000e+00,  0.00000000e+00,  0.00000000e+00,
        0.00000000e+00,  0.00000000e+00,  0.00000000e+00,  0.00000000e+00,
        0.00000000e+00,  0.00000000e+00,  0.00000000e+00,  0.00000000e+00,
        0.00000000e+00,  0.00000000e+00,  0.00000000e+00,  0.00000000e+00,
        0.00000000e+00,  0.00000000e+00,  0.00000000e+00,  0.00000000e+00,
        0.00000000e+00,  0.00000000e+00,  0.00000000e+00,  0.00000000e+00,
        0.00000000e+00,  0.00000000e+00,  0.00000000e+00,  0.00000000e+00,
        0.00000000e+00,  0.00000000e+00,  0.00000000e+00,  0.00000000e+00,
        0.00000000e+00,  0.00000000e+00,  0.00000000e+00,  0.00000000e+00,
        0.00000000e+00,  0.00000000e+00,  0.00000000e+00,  0.00000000e+00,
        0.00000000e+00,  0.00000000e+00,  0.00000000e+00, -2.36406962e-05,
       -5.05286164e-05, -2.44227886e-05, -1.25350063e-05, -2.79522077e-05,
       -4.45335923e-05,  0.00000000e+00,  0.00000000e+00,  0.00000000e+00,
        0.00000000e+00,  0.00000000e+00,  0.00000000e+00,  0.00000000e+00,
        0.00000000e+00,  0.00000000e+00,  0.00000000e+00,  0.00000000e+00,
        2.66928665e-05,  6.20782851e-05,  1.15124605e-07, -3.38570120e-06,
       -2.28314419e-05, -1.25088017e-05,  0.00000000e+00,  0.00000000e+00,
        0.00000000e+00,  0.00000000e+00,  0.00000000e+00,  0.00000000e+00,
        0.00000000e+00,  0.00000000e+00,  0.00000000e+00,  0.00000000e+00,
        0.00000000e+00, -1.52255188e-02, -2.13310175e-02, -3.59408648e-04,
       -1.96109443e-02, -4.13946830e-05, -5.24773106e-05,  0.00000000e+00,
        0.00000000e+00,  0.00000000e+00,  0.00000000e+00,  0.00000000e+00,
        0.00000000e+00,  0.00000000e+00,  0.00000000e+00,  0.00000000e+00,
        0.00000000e+00,  0.00000000e+00,  9.67846679e-02,  1.06963032e-01,
        4.73729038e-02,  4.41562960e-02, -1.41730821e-04, -1.03345277e-04,
        0.00000000e+00,  0.00000000e+00,  0.00000000e+00,  0.00000000e+00,
        0.00000000e+00,  0.00000000e+00,  0.00000000e+00,  0.00000000e+00,
        0.00000000e+00,  0.00000000e+00,  0.00000000e+00,  1.49602544e+00,
        6.80233889e-02,  8.41178063e-03, -1.13643833e-02, -1.65018207e-04,
       -5.79163181e-05,  0.00000000e+00,  0.00000000e+00,  0.00000000e+00,
        0.00000000e+00,  0.00000000e+00,  0.00000000e+00,  0.00000000e+00,
        0.00000000e+00,  0.00000000e+00,  0.00000000e+00,  0.00000000e+00,
        0.00000000e+00,  0.00000000e+00,  0.00000000e+00,  0.00000000e+00,
        0.00000000e+00,  0.00000000e+00,  0.00000000e+00,  0.00000000e+00,
        0.00000000e+00,  0.00000000e+00,  0.00000000e+00, -4.70922032e-04,
        4.05473444e-04, -1.62710324e-01, -2.62023733e-01, -1.56434660e+00,
        0.00000000e+00,  0.00000000e+00,  0.00000000e+00,  0.00000000e+00,
        0.00000000e+00,  0.00000000e+00,  0.00000000e+00,  0.00000000e+00,
        0.00000000e+00,  0.00000000e+00,  0.00000000e+00, -2.90796746e-04,
        5.87987111e-04, -2.51451313e-01, -9.94160946e-02, -8.68536417e-02,
        0.00000000e+00,  0.00000000e+00,  0.00000000e+00,  0.00000000e+00,
        0.00000000e+00,  0.00000000e+00,  0.00000000e+00,  0.00000000e+00,
        0.00000000e+00,  0.00000000e+00,  0.00000000e+00, -2.01961219e-04,
        2.30994474e-04, -1.39556812e-02, -3.44893633e-03,  2.29160885e-02,
        0.00000000e+00,  0.00000000e+00,  0.00000000e+00,  0.00000000e+00,
        0.00000000e+00,  0.00000000e+00,  0.00000000e+00,  0.00000000e+00,
        0.00000000e+00,  0.00000000e+00,  0.00000000e+00, -5.83597595e-05,
        6.92486902e-05, -1.70526111e-02,  4.32665496e-03, -5.74949080e-03,
        0.00000000e+00,  0.00000000e+00,  0.00000000e+00,  0.00000000e+00,
        0.00000000e+00,  0.00000000e+00,  0.00000000e+00,  0.00000000e+00,
        0.00000000e+00,  0.00000000e+00,  0.00000000e+00, -7.67852270e-05,
        1.24252099e-05, -1.17512037e-05, -3.74085865e-05, -1.63141291e-05,
        0.00000000e+00,  0.00000000e+00,  0.00000000e+00,  0.00000000e+00,
        0.00000000e+00,  0.00000000e+00,  0.00000000e+00,  0.00000000e+00,
        0.00000000e+00,  0.00000000e+00,  0.00000000e+00, -4.26201476e-05,
        2.59498885e-05,  2.02905123e-05, -1.18341661e-05, -7.83012257e-06,
        0.00000000e+00,  0.00000000e+00,  0.00000000e+00,  0.00000000e+00,
        0.00000000e+00,  0.00000000e+00,  0.00000000e+00,  0.00000000e+00,
        0.00000000e+00,  0.00000000e+00,  0.00000000e+00,  0.00000000e+00,
        0.00000000e+00,  0.00000000e+00,  0.00000000e+00,  0.00000000e+00,
        0.00000000e+00,  0.00000000e+00,  0.00000000e+00,  0.00000000e+00,
        0.00000000e+00,  0.00000000e+00,  0.00000000e+00,  0.00000000e+00,
        0.00000000e+00,  0.00000000e+00,  0.00000000e+00,  0.00000000e+00,
        0.00000000e+00,  0.00000000e+00,  0.00000000e+00,  0.00000000e+00,
        0.00000000e+00,  0.00000000e+00,  0.00000000e+00,  0.00000000e+00,
        0.00000000e+00,  0.00000000e+00,  0.00000000e+00,  0.00000000e+00,
        0.00000000e+00,  0.00000000e+00,  0.00000000e+00,  0.00000000e+00,
        0.00000000e+00,  0.00000000e+00,  0.00000000e+00,  0.00000000e+00,
        0.00000000e+00,  0.00000000e+00,  0.00000000e+00,  0.00000000e+00,
        0.00000000e+00,  0.00000000e+00,  0.00000000e+00,  0.00000000e+00,
        0.00000000e+00,  0.00000000e+00,  0.00000000e+00,  0.00000000e+00,
        0.00000000e+00,  0.00000000e+00,  0.00000000e+00,  0.00000000e+00,
        0.00000000e+00,  0.00000000e+00,  0.00000000e+00,  0.00000000e+00,
        0.00000000e+00,  0.00000000e+00,  0.00000000e+00,  0.00000000e+00,
        0.00000000e+00,  0.00000000e+00,  0.00000000e+00,  0.00000000e+00,
        0.00000000e+00,  0.00000000e+00,  0.00000000e+00,  0.00000000e+00,
        0.00000000e+00,  0.00000000e+00,  0.00000000e+00,  0.00000000e+00,
        0.00000000e+00,  0.00000000e+00,  0.00000000e+00,  0.00000000e+00,
        0.00000000e+00,  0.00000000e+00,  0.00000000e+00,  0.00000000e+00,
        0.00000000e+00,  0.00000000e+00,  0.00000000e+00,  0.00000000e+00,
        0.00000000e+00,  0.00000000e+00,  0.00000000e+00,  0.00000000e+00,
        0.00000000e+00,  0.00000000e+00,  0.00000000e+00,  0.00000000e+00,
        0.00000000e+00,  0.00000000e+00,  0.00000000e+00,  0.00000000e+00,
        0.00000000e+00,  0.00000000e+00,  0.00000000e+00,  0.00000000e+00,
        0.00000000e+00,  0.00000000e+00,  0.00000000e+00,  0.00000000e+00,
        0.00000000e+00,  0.00000000e+00,  0.00000000e+00,  0.00000000e+00,
        0.00000000e+00,  0.00000000e+00,  0.00000000e+00,  0.00000000e+00,
        0.00000000e+00,  0.00000000e+00,  0.00000000e+00,  0.00000000e+00,
        0.00000000e+00,  0.00000000e+00,  0.00000000e+00,  0.00000000e+00,
        0.00000000e+00,  0.00000000e+00,  0.00000000e+00,  0.00000000e+00,
        0.00000000e+00,  0.00000000e+00,  0.00000000e+00,  0.00000000e+00,
        0.00000000e+00,  0.00000000e+00,  0.00000000e+00,  0.00000000e+00,
        0.00000000e+00,  0.00000000e+00,  0.00000000e+00,  0.00000000e+00,
        0.00000000e+00,  0.00000000e+00,  0.00000000e+00,  0.00000000e+00,
        0.00000000e+00,  0.00000000e+00,  0.00000000e+00,  0.00000000e+00,
        0.00000000e+00,  0.00000000e+00,  0.00000000e+00,  0.00000000e+00,
        0.00000000e+00,  0.00000000e+00,  0.00000000e+00,  0.00000000e+00,
        0.00000000e+00,  0.00000000e+00,  0.00000000e+00,  0.00000000e+00,
        0.00000000e+00,  0.00000000e+00,  0.00000000e+00,  0.00000000e+00,
        0.00000000e+00,  0.00000000e+00,  0.00000000e+00,  0.00000000e+00],      dtype=float64),
                   'Zeff_l': Array([], shape=(0,), dtype=float64),
                   'a_lmn': Array([], shape=(0,), dtype=float64),
                   'c_l': Array([0., 0., 0., 0., 0., 0., 0., 0., 0.], dtype=float64),
                   'i_l': Array([], shape=(0,), dtype=float64),
                   'ne_l': Array([], shape=(0,), dtype=float64),
                   'ni_l': Array([], shape=(0,), dtype=float64),
                   'p_l': Array([0., 0., 0., 0., 0., 0., 0., 0., 0.], dtype=float64)}],
               [ { 'G': Array([], shape=(0,), dtype=float64),
                   'I': Array([], shape=(0,), dtype=float64),
                   'L_lmn': Array([ 5.20751924e-08,  1.86007109e-07,  1.29820648e-06, ...,
        9.50834105e-08, -9.87126793e-08,  2.93910282e-07], dtype=float64),
                   'Phi_mn': Array([], shape=(0,), dtype=float64),
                   'Psi': Array([0.56954675], dtype=float64),
                   'R_lmn': Array([ 1.11498026e-07, -2.92308102e-07,  1.66361240e-06, ...,
       -1.52673398e-07, -1.70900496e-07,  0.00000000e+00], dtype=float64),
                   'Ra_n': Array([ 8.18927480e+00,  1.57154903e+00,  7.82541090e-02, -3.50240796e-03,
        9.60737915e-04,  4.19051430e-04,  2.93457139e-05, -1.04297881e-05,
       -5.24995906e-06, -1.78000874e-06, -1.12168469e-06, -6.35440256e-07,
       -4.00609411e-07, -3.77219282e-07, -2.58287055e-07, -7.64912861e-08,
       -2.74111946e-08], dtype=float64),
                   'Rb_lmn': Array([ 0.00000000e+00,  0.00000000e+00,  0.00000000e+00,  0.00000000e+00,
        0.00000000e+00,  0.00000000e+00,  0.00000000e+00,  0.00000000e+00,
        0.00000000e+00,  0.00000000e+00,  0.00000000e+00,  0.00000000e+00,
        0.00000000e+00,  0.00000000e+00,  0.00000000e+00,  0.00000000e+00,
        0.00000000e+00,  0.00000000e+00,  0.00000000e+00,  0.00000000e+00,
        0.00000000e+00,  0.00000000e+00,  0.00000000e+00,  0.00000000e+00,
        0.00000000e+00,  0.00000000e+00,  0.00000000e+00,  0.00000000e+00,
        0.00000000e+00,  0.00000000e+00,  0.00000000e+00,  0.00000000e+00,
        0.00000000e+00,  0.00000000e+00,  0.00000000e+00,  0.00000000e+00,
        0.00000000e+00,  0.00000000e+00,  0.00000000e+00,  0.00000000e+00,
        0.00000000e+00,  0.00000000e+00,  0.00000000e+00,  0.00000000e+00,
        0.00000000e+00,  0.00000000e+00,  0.00000000e+00,  0.00000000e+00,
        0.00000000e+00,  0.00000000e+00,  0.00000000e+00,  0.00000000e+00,
        0.00000000e+00,  0.00000000e+00,  0.00000000e+00,  0.00000000e+00,
        0.00000000e+00,  0.00000000e+00,  0.00000000e+00,  0.00000000e+00,
        0.00000000e+00,  0.00000000e+00,  0.00000000e+00,  0.00000000e+00,
        0.00000000e+00,  0.00000000e+00,  0.00000000e+00,  0.00000000e+00,
        0.00000000e+00,  0.00000000e+00,  0.00000000e+00,  0.00000000e+00,
        0.00000000e+00,  0.00000000e+00,  0.00000000e+00,  0.00000000e+00,
        0.00000000e+00,  0.00000000e+00,  0.00000000e+00,  0.00000000e+00,
        0.00000000e+00,  0.00000000e+00,  0.00000000e+00,  0.00000000e+00,
        0.00000000e+00,  0.00000000e+00,  0.00000000e+00,  0.00000000e+00,
        0.00000000e+00,  0.00000000e+00,  0.00000000e+00,  0.00000000e+00,
        0.00000000e+00,  0.00000000e+00,  0.00000000e+00,  0.00000000e+00,
        0.00000000e+00,  0.00000000e+00,  0.00000000e+00,  0.00000000e+00,
        0.00000000e+00,  0.00000000e+00,  0.00000000e+00,  0.00000000e+00,
        0.00000000e+00,  0.00000000e+00,  0.00000000e+00,  0.00000000e+00,
        0.00000000e+00,  0.00000000e+00,  0.00000000e+00,  0.00000000e+00,
        0.00000000e+00,  0.00000000e+00,  0.00000000e+00,  0.00000000e+00,
        0.00000000e+00,  0.00000000e+00,  0.00000000e+00,  0.00000000e+00,
        0.00000000e+00,  0.00000000e+00,  0.00000000e+00,  0.00000000e+00,
        0.00000000e+00,  0.00000000e+00,  0.00000000e+00,  0.00000000e+00,
        0.00000000e+00,  0.00000000e+00,  0.00000000e+00,  0.00000000e+00,
        0.00000000e+00,  0.00000000e+00,  0.00000000e+00,  0.00000000e+00,
        0.00000000e+00,  0.00000000e+00,  0.00000000e+00,  0.00000000e+00,
        0.00000000e+00,  0.00000000e+00,  0.00000000e+00,  0.00000000e+00,
        0.00000000e+00,  0.00000000e+00,  0.00000000e+00,  0.00000000e+00,
        0.00000000e+00,  0.00000000e+00,  0.00000000e+00,  0.00000000e+00,
        0.00000000e+00,  5.33378499e-09, -1.10045362e-08, -7.28398026e-10,
       -2.60519926e-08, -1.20366705e-08, -1.94422683e-08, -2.98140884e-08,
        0.00000000e+00,  0.00000000e+00,  0.00000000e+00,  0.00000000e+00,
        0.00000000e+00,  0.00000000e+00,  0.00000000e+00,  0.00000000e+00,
        0.00000000e+00, -6.68728765e-09, -2.28931467e-08, -4.37214988e-09,
       -2.43799496e-08,  9.74523027e-09,  3.38854363e-10, -4.85422646e-09,
        0.00000000e+00,  0.00000000e+00,  0.00000000e+00,  0.00000000e+00,
        0.00000000e+00,  0.00000000e+00,  0.00000000e+00,  0.00000000e+00,
        0.00000000e+00,  5.34292282e-08,  1.09376995e-08,  4.43859862e-05,
        2.15150918e-05,  3.45988656e-05,  2.66596817e-05,  2.32440836e-05,
        0.00000000e+00,  0.00000000e+00,  0.00000000e+00,  0.00000000e+00,
        0.00000000e+00,  0.00000000e+00,  0.00000000e+00,  0.00000000e+00,
        0.00000000e+00,  8.39636847e-09, -8.63536148e-08, -3.32500218e-05,
       -4.98394948e-05, -3.44782959e-05, -3.80338021e-05, -6.80247891e-05,
        0.00000000e+00,  0.00000000e+00,  0.00000000e+00,  0.00000000e+00,
        0.00000000e+00,  0.00000000e+00,  0.00000000e+00,  0.00000000e+00,
        0.00000000e+00,  1.94894416e-07,  1.99509637e-10,  8.93158447e-05,
        6.13289138e-05, -1.52840585e-02, -1.71727505e-02,  2.41508740e-02,
        0.00000000e+00,  0.00000000e+00,  0.00000000e+00,  0.00000000e+00,
        0.00000000e+00,  0.00000000e+00,  0.00000000e+00,  0.00000000e+00,
        0.00000000e+00,  1.54921909e-07, -2.37634943e-07, -7.03059465e-05,
       -7.88632943e-05, -7.11191707e-03, -1.85557905e-03,  1.19820468e-01,
        0.00000000e+00,  0.00000000e+00,  0.00000000e+00,  0.00000000e+00,
        0.00000000e+00,  0.00000000e+00,  0.00000000e+00,  0.00000000e+00,
        0.00000000e+00,  5.99095135e-07, -8.50241550e-08,  2.38533920e-04,
        3.02157810e-04, -3.79944033e-02, -3.43386591e-02, -5.62055116e-02,
        8.00000000e+00,  1.93752402e+00,  3.05554383e-01,  3.42403038e-03,
       -1.87813086e-04,  8.37812944e-04, -3.94403683e-07,  1.62923866e-08,
        0.00000000e+00,  0.00000000e+00,  0.00000000e+00,  0.00000000e+00,
        0.00000000e+00,  0.00000000e+00,  0.00000000e+00,  0.00000000e+00,
        0.00000000e+00,  1.34454998e+00, -2.55082761e-02,  3.81862148e-01,
        1.58723316e-01, -4.47047304e-04,  2.89206486e-04, -5.28603949e-07,
       -7.92983528e-08,  0.00000000e+00,  0.00000000e+00,  0.00000000e+00,
        0.00000000e+00,  0.00000000e+00,  0.00000000e+00,  0.00000000e+00,
        0.00000000e+00,  0.00000000e+00, -1.28550699e-03, -4.17201577e-02,
        8.19047869e-02, -4.59686297e-02,  4.08366672e-05,  3.14528340e-04,
       -7.02592206e-08,  1.28900735e-07,  0.00000000e+00,  0.00000000e+00,
        0.00000000e+00,  0.00000000e+00,  0.00000000e+00,  0.00000000e+00,
        0.00000000e+00,  0.00000000e+00,  0.00000000e+00, -2.24674860e-02,
        6.64213134e-03,  1.33003202e-02, -3.50269675e-03, -1.05395669e-04,
       -3.15493342e-05, -1.12774027e-07, -4.90276827e-08,  0.00000000e+00,
        0.00000000e+00,  0.00000000e+00,  0.00000000e+00,  0.00000000e+00,
        0.00000000e+00,  0.00000000e+00,  0.00000000e+00,  0.00000000e+00,
        1.70765889e-05,  1.99773715e-05,  2.85314858e-05,  4.24647422e-05,
        4.35528769e-05,  7.21141679e-05,  3.04019770e-08,  5.93253715e-08,
        0.00000000e+00,  0.00000000e+00,  0.00000000e+00,  0.00000000e+00,
        0.00000000e+00,  0.00000000e+00,  0.00000000e+00,  0.00000000e+00,
        0.00000000e+00, -6.00976286e-06, -4.86896694e-06, -1.06471878e-05,
       -2.04946809e-05, -3.59771512e-05, -2.95649147e-05, -4.00500659e-08,
       -2.72441158e-08,  0.00000000e+00,  0.00000000e+00,  0.00000000e+00,
        0.00000000e+00,  0.00000000e+00,  0.00000000e+00,  0.00000000e+00,
        0.00000000e+00,  0.00000000e+00, -6.70378632e-09, -6.99215927e-09,
       -7.91961218e-09, -5.52435492e-09,  4.93361807e-10,  9.42930419e-09,
        1.15774436e-08,  3.08442226e-08,  0.00000000e+00,  0.00000000e+00,
        0.00000000e+00,  0.00000000e+00,  0.00000000e+00,  0.00000000e+00,
        0.00000000e+00,  0.00000000e+00,  0.00000000e+00,  7.75603629e-09,
        8.50644102e-09,  1.03864604e-08,  1.27411120e-08,  1.74387222e-08,
        1.83938508e-08,  1.21276509e-08,  1.90782487e-08,  0.00000000e+00,
        0.00000000e+00,  0.00000000e+00,  0.00000000e+00,  0.00000000e+00,
        0.00000000e+00,  0.00000000e+00,  0.00000000e+00,  0.00000000e+00,
        0.00000000e+00,  0.00000000e+00,  0.00000000e+00,  0.00000000e+00,
        0.00000000e+00,  0.00000000e+00,  0.00000000e+00,  0.00000000e+00,
        0.00000000e+00,  0.00000000e+00,  0.00000000e+00,  0.00000000e+00,
        0.00000000e+00,  0.00000000e+00,  0.00000000e+00,  0.00000000e+00,
        0.00000000e+00,  0.00000000e+00,  0.00000000e+00,  0.00000000e+00,
        0.00000000e+00,  0.00000000e+00,  0.00000000e+00,  0.00000000e+00,
        0.00000000e+00,  0.00000000e+00,  0.00000000e+00,  0.00000000e+00,
        0.00000000e+00,  0.00000000e+00,  0.00000000e+00,  0.00000000e+00,
        0.00000000e+00,  0.00000000e+00,  0.00000000e+00,  0.00000000e+00,
        0.00000000e+00,  0.00000000e+00,  0.00000000e+00,  0.00000000e+00,
        0.00000000e+00,  0.00000000e+00,  0.00000000e+00,  0.00000000e+00,
        0.00000000e+00,  0.00000000e+00,  0.00000000e+00,  0.00000000e+00,
        0.00000000e+00,  0.00000000e+00,  0.00000000e+00,  0.00000000e+00,
        0.00000000e+00,  0.00000000e+00,  0.00000000e+00,  0.00000000e+00,
        0.00000000e+00,  0.00000000e+00,  0.00000000e+00,  0.00000000e+00,
        0.00000000e+00,  0.00000000e+00,  0.00000000e+00,  0.00000000e+00,
        0.00000000e+00,  0.00000000e+00,  0.00000000e+00,  0.00000000e+00,
        0.00000000e+00,  0.00000000e+00,  0.00000000e+00,  0.00000000e+00,
        0.00000000e+00,  0.00000000e+00,  0.00000000e+00,  0.00000000e+00,
        0.00000000e+00,  0.00000000e+00,  0.00000000e+00,  0.00000000e+00,
        0.00000000e+00,  0.00000000e+00,  0.00000000e+00,  0.00000000e+00,
        0.00000000e+00,  0.00000000e+00,  0.00000000e+00,  0.00000000e+00,
        0.00000000e+00,  0.00000000e+00,  0.00000000e+00,  0.00000000e+00,
        0.00000000e+00,  0.00000000e+00,  0.00000000e+00,  0.00000000e+00,
        0.00000000e+00,  0.00000000e+00,  0.00000000e+00,  0.00000000e+00,
        0.00000000e+00,  0.00000000e+00,  0.00000000e+00,  0.00000000e+00,
        0.00000000e+00,  0.00000000e+00,  0.00000000e+00,  0.00000000e+00,
        0.00000000e+00,  0.00000000e+00,  0.00000000e+00,  0.00000000e+00,
        0.00000000e+00,  0.00000000e+00,  0.00000000e+00,  0.00000000e+00,
        0.00000000e+00,  0.00000000e+00,  0.00000000e+00,  0.00000000e+00,
        0.00000000e+00,  0.00000000e+00,  0.00000000e+00,  0.00000000e+00,
        0.00000000e+00,  0.00000000e+00,  0.00000000e+00,  0.00000000e+00,
        0.00000000e+00,  0.00000000e+00,  0.00000000e+00,  0.00000000e+00,
        0.00000000e+00,  0.00000000e+00,  0.00000000e+00,  0.00000000e+00,
        0.00000000e+00,  0.00000000e+00,  0.00000000e+00,  0.00000000e+00,
        0.00000000e+00,  0.00000000e+00,  0.00000000e+00,  0.00000000e+00,
        0.00000000e+00,  0.00000000e+00,  0.00000000e+00,  0.00000000e+00,
        0.00000000e+00,  0.00000000e+00,  0.00000000e+00,  0.00000000e+00,
        0.00000000e+00], dtype=float64),
                   'Te_l': Array([], shape=(0,), dtype=float64),
                   'Ti_l': Array([], shape=(0,), dtype=float64),
                   'Z_lmn': Array([-1.97229328e-07, -4.45509623e-07, -5.16646935e-08, ...,
       -2.03441299e-08,  8.18750775e-08, -1.36973314e-07], dtype=float64),
                   'Za_n': Array([ 2.13761800e-07,  1.82611578e-07,  2.86871296e-07,  3.67473661e-07,
        5.53928612e-07,  6.30787753e-07,  8.13195519e-07,  9.81655614e-07,
        3.65223013e-07, -6.10596584e-06, -6.67057689e-05, -1.12863719e-05,
        2.08988952e-03,  8.53005799e-03,  1.01022086e-01,  1.44265495e+00],      dtype=float64),
                   'Zb_lmn': Array([ 0.00000000e+00,  0.00000000e+00,  0.00000000e+00,  0.00000000e+00,
        0.00000000e+00,  0.00000000e+00,  0.00000000e+00,  0.00000000e+00,
        0.00000000e+00,  0.00000000e+00,  0.00000000e+00,  0.00000000e+00,
        0.00000000e+00,  0.00000000e+00,  0.00000000e+00,  0.00000000e+00,
        0.00000000e+00,  0.00000000e+00,  0.00000000e+00,  0.00000000e+00,
        0.00000000e+00,  0.00000000e+00,  0.00000000e+00,  0.00000000e+00,
        0.00000000e+00,  0.00000000e+00,  0.00000000e+00,  0.00000000e+00,
        0.00000000e+00,  0.00000000e+00,  0.00000000e+00,  0.00000000e+00,
        0.00000000e+00,  0.00000000e+00,  0.00000000e+00,  0.00000000e+00,
        0.00000000e+00,  0.00000000e+00,  0.00000000e+00,  0.00000000e+00,
        0.00000000e+00,  0.00000000e+00,  0.00000000e+00,  0.00000000e+00,
        0.00000000e+00,  0.00000000e+00,  0.00000000e+00,  0.00000000e+00,
        0.00000000e+00,  0.00000000e+00,  0.00000000e+00,  0.00000000e+00,
        0.00000000e+00,  0.00000000e+00,  0.00000000e+00,  0.00000000e+00,
        0.00000000e+00,  0.00000000e+00,  0.00000000e+00,  0.00000000e+00,
        0.00000000e+00,  0.00000000e+00,  0.00000000e+00,  0.00000000e+00,
        0.00000000e+00,  0.00000000e+00,  0.00000000e+00,  0.00000000e+00,
        0.00000000e+00,  0.00000000e+00,  0.00000000e+00,  0.00000000e+00,
        0.00000000e+00,  0.00000000e+00,  0.00000000e+00,  0.00000000e+00,
        0.00000000e+00,  0.00000000e+00,  0.00000000e+00,  0.00000000e+00,
        0.00000000e+00,  0.00000000e+00,  0.00000000e+00,  0.00000000e+00,
        0.00000000e+00,  0.00000000e+00,  0.00000000e+00,  0.00000000e+00,
        0.00000000e+00,  0.00000000e+00,  0.00000000e+00,  0.00000000e+00,
        0.00000000e+00,  0.00000000e+00,  0.00000000e+00,  0.00000000e+00,
        0.00000000e+00,  0.00000000e+00,  0.00000000e+00,  0.00000000e+00,
        0.00000000e+00,  0.00000000e+00,  0.00000000e+00,  0.00000000e+00,
        0.00000000e+00,  0.00000000e+00,  0.00000000e+00,  0.00000000e+00,
        0.00000000e+00,  0.00000000e+00,  0.00000000e+00,  0.00000000e+00,
        0.00000000e+00,  0.00000000e+00,  0.00000000e+00,  0.00000000e+00,
        0.00000000e+00,  0.00000000e+00,  0.00000000e+00,  0.00000000e+00,
        0.00000000e+00,  0.00000000e+00,  0.00000000e+00,  0.00000000e+00,
        0.00000000e+00,  0.00000000e+00,  0.00000000e+00,  0.00000000e+00,
        0.00000000e+00,  0.00000000e+00,  0.00000000e+00,  0.00000000e+00,
        0.00000000e+00,  0.00000000e+00,  0.00000000e+00,  0.00000000e+00,
        0.00000000e+00,  0.00000000e+00,  0.00000000e+00,  0.00000000e+00,
        0.00000000e+00,  0.00000000e+00,  0.00000000e+00,  0.00000000e+00,
        0.00000000e+00,  0.00000000e+00,  0.00000000e+00,  0.00000000e+00,
        0.00000000e+00,  0.00000000e+00,  0.00000000e+00,  0.00000000e+00,
        0.00000000e+00,  4.61981634e-10, -8.58812715e-09, -1.79990199e-08,
       -1.71986205e-08, -1.63121005e-08, -2.81896790e-08,  3.80216920e-09,
       -3.48220726e-08,  0.00000000e+00,  0.00000000e+00,  0.00000000e+00,
        0.00000000e+00,  0.00000000e+00,  0.00000000e+00,  0.00000000e+00,
        0.00000000e+00,  0.00000000e+00,  8.90178364e-09,  2.77728670e-08,
        1.90248250e-08,  2.24018112e-08,  1.34149016e-08,  8.83300085e-09,
        4.45054579e-08, -1.83236415e-08,  0.00000000e+00,  0.00000000e+00,
        0.00000000e+00,  0.00000000e+00,  0.00000000e+00,  0.00000000e+00,
        0.00000000e+00,  0.00000000e+00,  0.00000000e+00, -2.36560199e-05,
       -5.05646863e-05, -2.44373551e-05, -1.25390279e-05, -2.79709377e-05,
       -4.45594684e-05,  1.99143014e-08, -4.73917865e-08,  0.00000000e+00,
        0.00000000e+00,  0.00000000e+00,  0.00000000e+00,  0.00000000e+00,
        0.00000000e+00,  0.00000000e+00,  0.00000000e+00,  0.00000000e+00,
        2.67125683e-05,  6.21197484e-05,  1.11386839e-07, -3.38891754e-06,
       -2.28466606e-05, -1.25167815e-05,  7.92306924e-08, -5.91567214e-08,
        0.00000000e+00,  0.00000000e+00,  0.00000000e+00,  0.00000000e+00,
        0.00000000e+00,  0.00000000e+00,  0.00000000e+00,  0.00000000e+00,
        0.00000000e+00, -1.52255463e-02, -2.13310900e-02, -3.59364039e-04,
       -1.96108767e-02, -4.14293503e-05, -5.25099690e-05,  1.38184508e-07,
       -1.12766874e-07,  0.00000000e+00,  0.00000000e+00,  0.00000000e+00,
        0.00000000e+00,  0.00000000e+00,  0.00000000e+00,  0.00000000e+00,
        0.00000000e+00,  0.00000000e+00,  9.67847025e-02,  1.06962922e-01,
        4.73728417e-02,  4.41562905e-02, -1.41824356e-04, -1.03402875e-04,
        1.36483203e-07, -2.02927319e-07,  0.00000000e+00,  0.00000000e+00,
        0.00000000e+00,  0.00000000e+00,  0.00000000e+00,  0.00000000e+00,
        0.00000000e+00,  0.00000000e+00,  0.00000000e+00,  1.49602523e+00,
        6.80233523e-02,  8.41200604e-03, -1.13640769e-02, -1.65146916e-04,
       -5.79602010e-05,  1.98953040e-07, -1.54721759e-07,  0.00000000e+00,
        0.00000000e+00,  0.00000000e+00,  0.00000000e+00,  0.00000000e+00,
        0.00000000e+00,  0.00000000e+00,  0.00000000e+00,  0.00000000e+00,
        0.00000000e+00,  0.00000000e+00,  0.00000000e+00,  0.00000000e+00,
        0.00000000e+00,  0.00000000e+00,  0.00000000e+00,  0.00000000e+00,
        0.00000000e+00,  3.84413814e-07, -2.12878746e-07, -4.71233076e-04,
        4.05765710e-04, -1.62710396e-01, -2.62023815e-01, -1.56434667e+00,
        0.00000000e+00,  0.00000000e+00,  0.00000000e+00,  0.00000000e+00,
        0.00000000e+00,  0.00000000e+00,  0.00000000e+00,  0.00000000e+00,
        0.00000000e+00,  8.34502269e-07, -1.22965413e-07, -2.91018044e-04,
        5.88373070e-04, -2.51451495e-01, -9.94161302e-02, -8.68536421e-02,
        0.00000000e+00,  0.00000000e+00,  0.00000000e+00,  0.00000000e+00,
        0.00000000e+00,  0.00000000e+00,  0.00000000e+00,  0.00000000e+00,
        0.00000000e+00,  3.59870737e-07, -8.99156515e-08, -2.02102751e-04,
        2.31148997e-04, -1.39556506e-02, -3.44899325e-03,  2.29160595e-02,
        0.00000000e+00,  0.00000000e+00,  0.00000000e+00,  0.00000000e+00,
        0.00000000e+00,  0.00000000e+00,  0.00000000e+00,  0.00000000e+00,
        0.00000000e+00,  2.00173923e-07,  2.77001562e-08, -5.84066663e-05,
        6.92877675e-05, -1.70526140e-02,  4.32668120e-03, -5.74946982e-03,
        0.00000000e+00,  0.00000000e+00,  0.00000000e+00,  0.00000000e+00,
        0.00000000e+00,  0.00000000e+00,  0.00000000e+00,  0.00000000e+00,
        0.00000000e+00,  9.89565837e-08,  9.82580046e-09, -7.68340401e-05,
        1.24323019e-05, -1.17562322e-05, -3.74370009e-05, -1.63257949e-05,
        0.00000000e+00,  0.00000000e+00,  0.00000000e+00,  0.00000000e+00,
        0.00000000e+00,  0.00000000e+00,  0.00000000e+00,  0.00000000e+00,
        0.00000000e+00,  4.38093843e-08,  3.07455955e-08, -4.26507436e-05,
        2.59606982e-05,  2.03052127e-05, -1.18422609e-05, -7.83490580e-06,
        0.00000000e+00,  0.00000000e+00,  0.00000000e+00,  0.00000000e+00,
        0.00000000e+00,  0.00000000e+00,  0.00000000e+00,  0.00000000e+00,
        0.00000000e+00,  2.00345858e-08,  4.05281049e-08, -1.61847436e-08,
        6.71627152e-09,  2.02253056e-08,  1.20187794e-08,  1.02819002e-08,
        0.00000000e+00,  0.00000000e+00,  0.00000000e+00,  0.00000000e+00,
        0.00000000e+00,  0.00000000e+00,  0.00000000e+00,  0.00000000e+00,
        0.00000000e+00, -3.45648409e-08,  1.06997537e-08, -2.49609938e-08,
       -1.70816485e-08, -9.67229351e-09, -1.67942660e-08, -1.16705658e-08,
        0.00000000e+00,  0.00000000e+00,  0.00000000e+00,  0.00000000e+00,
        0.00000000e+00,  0.00000000e+00,  0.00000000e+00,  0.00000000e+00,
        0.00000000e+00,  0.00000000e+00,  0.00000000e+00,  0.00000000e+00,
        0.00000000e+00,  0.00000000e+00,  0.00000000e+00,  0.00000000e+00,
        0.00000000e+00,  0.00000000e+00,  0.00000000e+00,  0.00000000e+00,
        0.00000000e+00,  0.00000000e+00,  0.00000000e+00,  0.00000000e+00,
        0.00000000e+00,  0.00000000e+00,  0.00000000e+00,  0.00000000e+00,
        0.00000000e+00,  0.00000000e+00,  0.00000000e+00,  0.00000000e+00,
        0.00000000e+00,  0.00000000e+00,  0.00000000e+00,  0.00000000e+00,
        0.00000000e+00,  0.00000000e+00,  0.00000000e+00,  0.00000000e+00,
        0.00000000e+00,  0.00000000e+00,  0.00000000e+00,  0.00000000e+00,
        0.00000000e+00,  0.00000000e+00,  0.00000000e+00,  0.00000000e+00,
        0.00000000e+00,  0.00000000e+00,  0.00000000e+00,  0.00000000e+00,
        0.00000000e+00,  0.00000000e+00,  0.00000000e+00,  0.00000000e+00,
        0.00000000e+00,  0.00000000e+00,  0.00000000e+00,  0.00000000e+00,
        0.00000000e+00,  0.00000000e+00,  0.00000000e+00,  0.00000000e+00,
        0.00000000e+00,  0.00000000e+00,  0.00000000e+00,  0.00000000e+00,
        0.00000000e+00,  0.00000000e+00,  0.00000000e+00,  0.00000000e+00,
        0.00000000e+00,  0.00000000e+00,  0.00000000e+00,  0.00000000e+00,
        0.00000000e+00,  0.00000000e+00,  0.00000000e+00,  0.00000000e+00,
        0.00000000e+00,  0.00000000e+00,  0.00000000e+00,  0.00000000e+00,
        0.00000000e+00,  0.00000000e+00,  0.00000000e+00,  0.00000000e+00,
        0.00000000e+00,  0.00000000e+00,  0.00000000e+00,  0.00000000e+00,
        0.00000000e+00,  0.00000000e+00,  0.00000000e+00,  0.00000000e+00,
        0.00000000e+00,  0.00000000e+00,  0.00000000e+00,  0.00000000e+00,
        0.00000000e+00,  0.00000000e+00,  0.00000000e+00,  0.00000000e+00,
        0.00000000e+00,  0.00000000e+00,  0.00000000e+00,  0.00000000e+00,
        0.00000000e+00,  0.00000000e+00,  0.00000000e+00,  0.00000000e+00,
        0.00000000e+00,  0.00000000e+00,  0.00000000e+00,  0.00000000e+00,
        0.00000000e+00,  0.00000000e+00,  0.00000000e+00,  0.00000000e+00,
        0.00000000e+00,  0.00000000e+00,  0.00000000e+00,  0.00000000e+00,
        0.00000000e+00,  0.00000000e+00,  0.00000000e+00,  0.00000000e+00,
        0.00000000e+00,  0.00000000e+00,  0.00000000e+00,  0.00000000e+00,
        0.00000000e+00,  0.00000000e+00,  0.00000000e+00,  0.00000000e+00,
        0.00000000e+00,  0.00000000e+00,  0.00000000e+00,  0.00000000e+00,
        0.00000000e+00,  0.00000000e+00,  0.00000000e+00,  0.00000000e+00],      dtype=float64),
                   'Zeff_l': Array([], shape=(0,), dtype=float64),
                   'a_lmn': Array([], shape=(0,), dtype=float64),
                   'c_l': Array([0., 0., 0., 0., 0., 0., 0., 0., 0.], dtype=float64),
                   'i_l': Array([], shape=(0,), dtype=float64),
                   'ne_l': Array([], shape=(0,), dtype=float64),
                   'ni_l': Array([], shape=(0,), dtype=float64),
                   'p_l': Array([0., 0., 0., 0., 0., 0., 0., 0., 0.], dtype=float64)}]],
  'message': 'Optimization terminated successfully.\n'
             '`xtol` condition satisfied. (xtol=1.00e-06)',
  'nfev': 6,
  'nit': 1,
  'njev': 1,
  'optimality': Array(1.78435173, dtype=float64),
  'penalty_param': Array([10.], dtype=float64),
  's': Array([], shape=(0,), dtype=float64),
  'success': True,
  'v': Array([1., 1., 1., 1., 1., 1., 1., 1., 1., 1., 1., 1., 1., 1., 1., 1., 1.,
       1., 1., 1., 1., 1., 1., 1., 1., 1., 1., 1., 1., 1., 1., 1., 1., 1.,
       1., 1., 1., 1., 1., 1., 1., 1., 1., 1., 1., 1., 1., 1., 1., 1., 1.,
       1., 1., 1., 1., 1., 1., 1., 1., 1., 1., 1., 1., 1., 1., 1., 1., 1.,
       1., 1., 1., 1., 1., 1., 1., 1., 1., 1., 1., 1., 1., 1., 1., 1., 1.,
       1., 1., 1., 1., 1., 1., 1., 1., 1., 1., 1., 1., 1., 1., 1., 1., 1.,
       1., 1., 1., 1., 1., 1., 1., 1., 1., 1., 1., 1., 1., 1., 1., 1., 1.,
       1., 1., 1., 1., 1., 1., 1., 1., 1., 1., 1., 1., 1., 1., 1., 1., 1.,
       1., 1., 1., 1., 1., 1., 1., 1., 1., 1., 1., 1., 1., 1., 1., 1., 1.,
       1., 1., 1., 1., 1., 1., 1., 1., 1., 1., 1., 1., 1., 1., 1., 1., 1.,
       1., 1., 1., 1., 1., 1., 1., 1., 1., 1., 1., 1., 1., 1., 1., 1., 1.,
       1., 1., 1., 1., 1., 1., 1., 1., 1., 1., 1., 1., 1., 1., 1., 1., 1.,
       1., 1., 1., 1., 1., 1., 1., 1., 1., 1., 1., 1., 1., 1., 1., 1., 1.,
       1., 1., 1., 1.], dtype=float64),
  'x': Array([ 5.69546751e-01,  5.33378499e-09, -1.10045362e-08, -7.28398026e-10,
       -2.60519926e-08, -1.20366705e-08, -1.94422683e-08, -2.98140884e-08,
       -6.68728765e-09, -2.28931467e-08, -4.37214988e-09, -2.43799496e-08,
        9.74523027e-09,  3.38854363e-10, -4.85422646e-09,  5.34292282e-08,
        1.09376995e-08,  4.43859862e-05,  2.15150918e-05,  3.45988656e-05,
        2.66596817e-05,  2.32440836e-05,  8.39636847e-09, -8.63536148e-08,
       -3.32500218e-05, -4.98394948e-05, -3.44782959e-05, -3.80338021e-05,
       -6.80247891e-05,  1.94894416e-07,  1.99509637e-10,  8.93158447e-05,
        6.13289138e-05, -1.52840585e-02, -1.71727505e-02,  2.41508740e-02,
        1.54921909e-07, -2.37634943e-07, -7.03059465e-05, -7.88632943e-05,
       -7.11191707e-03, -1.85557905e-03,  1.19820468e-01,  5.99095135e-07,
       -8.50241550e-08,  2.38533920e-04,  3.02157810e-04, -3.79944033e-02,
       -3.43386591e-02, -5.62055116e-02,  1.93752402e+00,  3.05554383e-01,
        3.42403038e-03, -1.87813086e-04,  8.37812944e-04, -3.94403683e-07,
        1.62923866e-08,  1.34454998e+00, -2.55082761e-02,  3.81862148e-01,
        1.58723316e-01, -4.47047304e-04,  2.89206486e-04, -5.28603949e-07,
       -7.92983528e-08, -1.28550699e-03, -4.17201577e-02,  8.19047869e-02,
       -4.59686297e-02,  4.08366672e-05,  3.14528340e-04, -7.02592206e-08,
        1.28900735e-07, -2.24674860e-02,  6.64213134e-03,  1.33003202e-02,
       -3.50269675e-03, -1.05395669e-04, -3.15493342e-05, -1.12774027e-07,
       -4.90276827e-08,  1.70765889e-05,  1.99773715e-05,  2.85314858e-05,
        4.24647422e-05,  4.35528769e-05,  7.21141679e-05,  3.04019770e-08,
        5.93253715e-08, -6.00976286e-06, -4.86896694e-06, -1.06471878e-05,
       -2.04946809e-05, -3.59771512e-05, -2.95649147e-05, -4.00500659e-08,
       -2.72441158e-08, -6.70378632e-09, -6.99215927e-09, -7.91961218e-09,
       -5.52435492e-09,  4.93361807e-10,  9.42930419e-09,  1.15774436e-08,
        3.08442226e-08,  7.75603629e-09,  8.50644102e-09,  1.03864604e-08,
        1.27411120e-08,  1.74387222e-08,  1.83938508e-08,  1.21276509e-08,
        1.90782487e-08,  4.61981634e-10, -8.58812715e-09, -1.79990199e-08,
       -1.71986205e-08, -1.63121005e-08, -2.81896790e-08,  3.80216920e-09,
       -3.48220726e-08,  8.90178364e-09,  2.77728670e-08,  1.90248250e-08,
        2.24018112e-08,  1.34149016e-08,  8.83300085e-09,  4.45054579e-08,
       -1.83236415e-08, -2.36560199e-05, -5.05646863e-05, -2.44373551e-05,
       -1.25390279e-05, -2.79709377e-05, -4.45594684e-05,  1.99143014e-08,
       -4.73917865e-08,  2.67125683e-05,  6.21197484e-05,  1.11386839e-07,
       -3.38891754e-06, -2.28466606e-05, -1.25167815e-05,  7.92306924e-08,
       -5.91567214e-08, -1.52255463e-02, -2.13310900e-02, -3.59364039e-04,
       -1.96108767e-02, -4.14293503e-05, -5.25099690e-05,  1.38184508e-07,
       -1.12766874e-07,  9.67847025e-02,  1.06962922e-01,  4.73728417e-02,
        4.41562905e-02, -1.41824356e-04, -1.03402875e-04,  1.36483203e-07,
       -2.02927319e-07,  1.49602523e+00,  6.80233523e-02,  8.41200604e-03,
       -1.13640769e-02, -1.65146916e-04, -5.79602010e-05,  1.98953040e-07,
       -1.54721759e-07,  3.84413814e-07, -2.12878746e-07, -4.71233076e-04,
        4.05765710e-04, -1.62710396e-01, -2.62023815e-01, -1.56434667e+00,
        8.34502269e-07, -1.22965413e-07, -2.91018044e-04,  5.88373070e-04,
       -2.51451495e-01, -9.94161302e-02, -8.68536421e-02,  3.59870737e-07,
       -8.99156515e-08, -2.02102751e-04,  2.31148997e-04, -1.39556506e-02,
       -3.44899325e-03,  2.29160595e-02,  2.00173923e-07,  2.77001562e-08,
       -5.84066663e-05,  6.92877675e-05, -1.70526140e-02,  4.32668120e-03,
       -5.74946982e-03,  9.89565837e-08,  9.82580046e-09, -7.68340401e-05,
        1.24323019e-05, -1.17562322e-05, -3.74370009e-05, -1.63257949e-05,
        4.38093843e-08,  3.07455955e-08, -4.26507436e-05,  2.59606982e-05,
        2.03052127e-05, -1.18422609e-05, -7.83490580e-06,  2.00345858e-08,
        4.05281049e-08, -1.61847436e-08,  6.71627152e-09,  2.02253056e-08,
        1.20187794e-08,  1.02819002e-08, -3.45648409e-08,  1.06997537e-08,
       -2.49609938e-08, -1.70816485e-08, -9.67229351e-09, -1.67942660e-08,
       -1.16705658e-08], dtype=float64),
  'x_scale': 'auto',
  'y': Array([0.], dtype=float64)}
