Pre-optimization QS value:2700.395898306668Pre-optimization quadcoil value:747.3758050356349Post-optimization QS value:2700.3958982933054Post-optimization quadcoil value:747.375805045083=== Optimization Result ===
{ 'Objective values': { 'Fixed current profile error: ': [ { 'f': Array(0., dtype=float64),
                                                             'f0': Array(0., dtype=float64)}],
                        'Fixed pressure profile error: ': [ { 'f': Array(0., dtype=float64),
                                                              'f0': Array(0., dtype=float64)}],
                        'Force error: ': [ { 'f0_max': Array(0.29888488, dtype=float64),
                                             'f0_max_norm': Array(2.47371339e-07, dtype=float64),
                                             'f0_mean': Array(0.00188529, dtype=float64),
                                             'f0_mean_norm': Array(1.56035359e-09, dtype=float64),
                                             'f0_min': Array(3.13835476e-08, dtype=float64),
                                             'f0_min_norm': Array(2.59745159e-14, dtype=float64),
                                             'f_max': Array(0.29888487, dtype=float64),
                                             'f_max_norm': Array(2.47371326e-07, dtype=float64),
                                             'f_mean': Array(0.00188529, dtype=float64),
                                             'f_mean_norm': Array(1.56035372e-09, dtype=float64),
                                             'f_min': Array(3.21115487e-08, dtype=float64),
                                             'f_min_norm': Array(2.65770443e-14, dtype=float64)}],
                        'Plasma volume: ': [ { 'f': Array(596.4596943, dtype=float64),
                                               'f0': Array(596.4596943, dtype=float64),
                                               'f0_norm': Array(2.37174024, dtype=float64),
                                               'f_norm': Array(2.37174024, dtype=float64)}],
                        'QUADCOIL subproblem: ': [ { 'f0_max': Array(38.66201767, dtype=float64),
                                                     'f0_mean': Array(38.66201767, dtype=float64),
                                                     'f0_min': Array(38.66201767, dtype=float64),
                                                     'f_max': Array(38.66201767, dtype=float64),
                                                     'f_mean': Array(38.66201767, dtype=float64),
                                                     'f_min': Array(38.66201767, dtype=float64)}],
                        'Quasi-symmetry (1,0) two-term error: ': [ { 'f0_max': Array(0.00022044, dtype=float64),
                                                                     'f0_max_norm': Array(0.22149777, dtype=float64),
                                                                     'f0_mean': Array(1.81457748e-05, dtype=float64),
                                                                     'f0_mean_norm': Array(0.01823251, dtype=float64),
                                                                     'f0_min': Array(-0.00019439, dtype=float64),
                                                                     'f0_min_norm': Array(-0.19531716, dtype=float64),
                                                                     'f_max': Array(0.00022044, dtype=float64),
                                                                     'f_max_norm': Array(0.22149777, dtype=float64),
                                                                     'f_mean': Array(1.81457748e-05, dtype=float64),
                                                                     'f_mean_norm': Array(0.01823251, dtype=float64),
                                                                     'f_min': Array(-0.00019439, dtype=float64),
                                                                     'f_min_norm': Array(-0.19531716, dtype=float64)}],
                        'R boundary error: ': [ { 'f': Array(0., dtype=float64),
                                                  'f0': Array(0., dtype=float64)}],
                        'Rotational transform: ': [ { 'f0_max': Array(-0.08474058, dtype=float64),
                                                      'f0_mean': Array(-0.08474058, dtype=float64),
                                                      'f0_min': Array(-0.08474058, dtype=float64),
                                                      'f_max': Array(-0.08474058, dtype=float64),
                                                      'f_mean': Array(-0.08474058, dtype=float64),
                                                      'f_min': Array(-0.08474058, dtype=float64)},
                                                    { 'f0_max': Array(-0.08900944, dtype=float64),
                                                      'f0_mean': Array(-0.08900944, dtype=float64),
                                                      'f0_min': Array(-0.08900944, dtype=float64),
                                                      'f_max': Array(-0.08900944, dtype=float64),
                                                      'f_mean': Array(-0.08900944, dtype=float64),
                                                      'f_min': Array(-0.08900944, dtype=float64)}],
                        'Total (sum of squares)': { 'f': Array(3482.01842189, dtype=float64),
                                                    'f0': Array(3482.0184219, dtype=float64)},
                        'Z boundary error: ': [ { 'f': Array(0., dtype=float64),
                                                  'f0': Array(0., dtype=float64)}]},
  'alltr': [ Array(0.15985149, dtype=float64),
             np.float64(0.039962871331962545),
             np.float64(0.009990717832990638),
             np.float64(0.002497679458247659),
             np.float64(0.0006244198645619148),
             np.float64(0.0001561049661404787),
             np.float64(3.902624153511967e-05),
             np.float64(9.756560383779918e-06),
             np.float64(2.439140095944979e-06),
             np.float64(6.097850239862448e-07),
             np.float64(1.524462559965612e-07),
             np.float64(3.8111563999140305e-08),
             np.float64(9.527890999785076e-09),
             np.float64(2.381972749946269e-09),
             np.float64(5.954931874865673e-10),
             np.float64(1.4887329687164182e-10),
             np.float64(3.7218324217910454e-11),
             np.float64(9.304581054477614e-12)],
  'allx': [ Array([0., 0., 0., ..., 0., 0., 0.], dtype=float64),
            Array([0., 0., 0., ..., 0., 0., 0.], dtype=float64)],
  'constr_violation': Array(0., dtype=float64),
  'cost': Array(3482.01842189, dtype=float64),
  'f0se': Array([ 2.37174024, -5.54221733, -5.67028328, ...,  0.        ,
        0.        , 38.66201767], dtype=float64),
  'fse': Array([ 2.37174024, -5.54221733, -5.67028328, ...,  0.        ,
        0.        , 38.66201767], dtype=float64),
  'fun': Array([ 2.37174024, -5.54221733, -5.67028328, ...,  0.        ,
        0.        , 38.66201767], dtype=float64),
  'history': [ [ { 'G': Array([], shape=(0,), dtype=float64),
                   'I': Array([], shape=(0,), dtype=float64),
                   'L_lmn': Array([ 2.46405925e-09, -1.53989769e-09, -6.80809058e-10, ...,
       -1.95173325e-10, -1.19839441e-10, -1.40401972e-11], dtype=float64),
                   'Phi_mn': Array([], shape=(0,), dtype=float64),
                   'Psi': Array([0.93381377], dtype=float64),
                   'R_lmn': Array([-2.16969390e-09,  4.32220310e-10, -9.07769096e-10, ...,
        6.19551945e-11,  2.49767492e-10,  0.00000000e+00], dtype=float64),
                   'Ra_n': Array([ 7.67985332e+00,  1.26518326e+00,  5.72474460e-02,  3.10762110e-03,
        3.35623016e-04, -1.34612190e-05,  3.33619907e-06, -3.26107995e-08,
       -2.01296628e-07,  3.24993665e-09, -1.04053910e-09, -4.19597422e-10,
        1.25935616e-10,  9.14706713e-11, -1.73349477e-11,  6.44787995e-11,
       -6.90664956e-12], dtype=float64),
                   'Rb_lmn': Array([ 0.00000000e+00,  0.00000000e+00,  0.00000000e+00,  0.00000000e+00,
        0.00000000e+00,  0.00000000e+00,  0.00000000e+00,  0.00000000e+00,
        0.00000000e+00,  0.00000000e+00,  0.00000000e+00,  0.00000000e+00,
        0.00000000e+00,  0.00000000e+00,  0.00000000e+00,  0.00000000e+00,
        0.00000000e+00,  0.00000000e+00,  0.00000000e+00,  0.00000000e+00,
        0.00000000e+00,  0.00000000e+00,  0.00000000e+00,  0.00000000e+00,
        0.00000000e+00,  0.00000000e+00,  0.00000000e+00,  0.00000000e+00,
        0.00000000e+00,  0.00000000e+00,  0.00000000e+00,  0.00000000e+00,
        0.00000000e+00,  0.00000000e+00,  0.00000000e+00,  0.00000000e+00,
        0.00000000e+00,  0.00000000e+00,  0.00000000e+00,  0.00000000e+00,
        0.00000000e+00,  0.00000000e+00,  0.00000000e+00,  0.00000000e+00,
        0.00000000e+00,  0.00000000e+00,  0.00000000e+00,  0.00000000e+00,
        0.00000000e+00,  0.00000000e+00,  0.00000000e+00,  0.00000000e+00,
        0.00000000e+00,  0.00000000e+00,  0.00000000e+00,  0.00000000e+00,
        0.00000000e+00,  0.00000000e+00,  0.00000000e+00,  0.00000000e+00,
        0.00000000e+00,  0.00000000e+00,  0.00000000e+00,  0.00000000e+00,
        0.00000000e+00,  0.00000000e+00,  0.00000000e+00,  0.00000000e+00,
        0.00000000e+00,  0.00000000e+00,  0.00000000e+00,  0.00000000e+00,
        0.00000000e+00,  0.00000000e+00,  0.00000000e+00,  0.00000000e+00,
        0.00000000e+00,  0.00000000e+00,  0.00000000e+00,  0.00000000e+00,
        0.00000000e+00,  0.00000000e+00,  0.00000000e+00,  0.00000000e+00,
        0.00000000e+00,  0.00000000e+00,  0.00000000e+00,  0.00000000e+00,
        0.00000000e+00,  0.00000000e+00,  0.00000000e+00,  0.00000000e+00,
        0.00000000e+00,  0.00000000e+00,  0.00000000e+00,  0.00000000e+00,
        0.00000000e+00,  0.00000000e+00,  0.00000000e+00,  0.00000000e+00,
        0.00000000e+00,  0.00000000e+00,  0.00000000e+00,  0.00000000e+00,
        0.00000000e+00,  0.00000000e+00,  0.00000000e+00,  0.00000000e+00,
        0.00000000e+00,  0.00000000e+00,  0.00000000e+00,  0.00000000e+00,
        0.00000000e+00,  0.00000000e+00,  0.00000000e+00,  0.00000000e+00,
        0.00000000e+00,  0.00000000e+00,  0.00000000e+00,  0.00000000e+00,
        0.00000000e+00,  0.00000000e+00,  0.00000000e+00,  0.00000000e+00,
        0.00000000e+00,  0.00000000e+00,  0.00000000e+00,  0.00000000e+00,
        0.00000000e+00,  0.00000000e+00,  0.00000000e+00,  0.00000000e+00,
        0.00000000e+00,  0.00000000e+00,  0.00000000e+00,  0.00000000e+00,
        0.00000000e+00,  0.00000000e+00,  0.00000000e+00,  0.00000000e+00,
        0.00000000e+00,  0.00000000e+00,  0.00000000e+00,  0.00000000e+00,
        0.00000000e+00,  0.00000000e+00,  0.00000000e+00,  0.00000000e+00,
        0.00000000e+00,  0.00000000e+00,  0.00000000e+00,  0.00000000e+00,
        0.00000000e+00,  0.00000000e+00,  0.00000000e+00,  0.00000000e+00,
        0.00000000e+00,  0.00000000e+00,  0.00000000e+00,  0.00000000e+00,
        0.00000000e+00,  0.00000000e+00,  0.00000000e+00,  0.00000000e+00,
        0.00000000e+00,  0.00000000e+00,  0.00000000e+00,  0.00000000e+00,
        0.00000000e+00,  0.00000000e+00,  0.00000000e+00,  0.00000000e+00,
        0.00000000e+00,  0.00000000e+00,  0.00000000e+00,  0.00000000e+00,
        0.00000000e+00,  0.00000000e+00,  0.00000000e+00,  0.00000000e+00,
        0.00000000e+00,  0.00000000e+00,  0.00000000e+00,  0.00000000e+00,
        0.00000000e+00,  0.00000000e+00,  0.00000000e+00, -4.28151341e-05,
        3.84168465e-06, -4.18701544e-06, -2.05524350e-05,  2.24720406e-05,
        0.00000000e+00,  0.00000000e+00,  0.00000000e+00,  0.00000000e+00,
        0.00000000e+00,  0.00000000e+00,  0.00000000e+00,  0.00000000e+00,
        0.00000000e+00,  0.00000000e+00,  0.00000000e+00,  6.04129991e-05,
       -3.90762277e-06, -3.09777322e-05,  5.84526046e-05, -7.49831164e-05,
        0.00000000e+00,  0.00000000e+00,  0.00000000e+00,  0.00000000e+00,
        0.00000000e+00,  0.00000000e+00,  0.00000000e+00,  0.00000000e+00,
        0.00000000e+00,  0.00000000e+00,  0.00000000e+00, -1.99274884e-04,
        1.14830914e-04,  3.37687239e-03, -1.77951799e-03,  3.89952159e-03,
        0.00000000e+00,  0.00000000e+00,  0.00000000e+00,  0.00000000e+00,
        0.00000000e+00,  0.00000000e+00,  0.00000000e+00,  0.00000000e+00,
        0.00000000e+00,  0.00000000e+00,  0.00000000e+00,  3.78858180e-04,
       -3.46845583e-04,  3.27360599e-02, -4.39575750e-02,  1.16465783e-03,
        0.00000000e+00,  0.00000000e+00,  0.00000000e+00,  0.00000000e+00,
        0.00000000e+00,  0.00000000e+00,  0.00000000e+00,  0.00000000e+00,
        0.00000000e+00,  0.00000000e+00,  0.00000000e+00,  5.89435663e-04,
       -1.65433017e-03,  7.47888518e-02,  3.54914369e-02,  1.80735720e-01,
        8.00000000e+00,  1.92680853e+00, -4.76803442e-02, -2.77447975e-02,
       -1.18858624e-03,  5.90059516e-04,  0.00000000e+00,  0.00000000e+00,
        0.00000000e+00,  0.00000000e+00,  0.00000000e+00,  0.00000000e+00,
        0.00000000e+00,  0.00000000e+00,  0.00000000e+00,  0.00000000e+00,
        0.00000000e+00,  1.52274465e+00,  2.44878581e-02, -9.94454244e-02,
       -5.19129578e-02,  1.20757347e-03, -5.60516090e-04,  0.00000000e+00,
        0.00000000e+00,  0.00000000e+00,  0.00000000e+00,  0.00000000e+00,
        0.00000000e+00,  0.00000000e+00,  0.00000000e+00,  0.00000000e+00,
        0.00000000e+00,  0.00000000e+00,  2.48139506e-02, -8.96232661e-03,
        3.64754919e-02, -2.92351557e-02,  3.79875768e-04, -3.58452022e-04,
        0.00000000e+00,  0.00000000e+00,  0.00000000e+00,  0.00000000e+00,
        0.00000000e+00,  0.00000000e+00,  0.00000000e+00,  0.00000000e+00,
        0.00000000e+00,  0.00000000e+00,  0.00000000e+00, -2.03155270e-03,
        1.73489217e-03,  7.96711391e-04, -6.28576854e-03, -1.26822534e-04,
        1.99843605e-04,  0.00000000e+00,  0.00000000e+00,  0.00000000e+00,
        0.00000000e+00,  0.00000000e+00,  0.00000000e+00,  0.00000000e+00,
        0.00000000e+00,  0.00000000e+00,  0.00000000e+00,  0.00000000e+00,
       -4.92445132e-06,  1.66353319e-05, -6.32750189e-05,  5.95731430e-05,
       -1.00919233e-05, -6.17774384e-05,  0.00000000e+00,  0.00000000e+00,
        0.00000000e+00,  0.00000000e+00,  0.00000000e+00,  0.00000000e+00,
        0.00000000e+00,  0.00000000e+00,  0.00000000e+00,  0.00000000e+00,
        0.00000000e+00,  6.17146733e-06, -1.02203269e-05,  2.59395442e-05,
       -4.94529199e-06, -1.78127959e-06,  4.42923801e-05,  0.00000000e+00,
        0.00000000e+00,  0.00000000e+00,  0.00000000e+00,  0.00000000e+00,
        0.00000000e+00,  0.00000000e+00,  0.00000000e+00,  0.00000000e+00,
        0.00000000e+00,  0.00000000e+00,  0.00000000e+00,  0.00000000e+00,
        0.00000000e+00,  0.00000000e+00,  0.00000000e+00,  0.00000000e+00,
        0.00000000e+00,  0.00000000e+00,  0.00000000e+00,  0.00000000e+00,
        0.00000000e+00,  0.00000000e+00,  0.00000000e+00,  0.00000000e+00,
        0.00000000e+00,  0.00000000e+00,  0.00000000e+00,  0.00000000e+00,
        0.00000000e+00,  0.00000000e+00,  0.00000000e+00,  0.00000000e+00,
        0.00000000e+00,  0.00000000e+00,  0.00000000e+00,  0.00000000e+00,
        0.00000000e+00,  0.00000000e+00,  0.00000000e+00,  0.00000000e+00,
        0.00000000e+00,  0.00000000e+00,  0.00000000e+00,  0.00000000e+00,
        0.00000000e+00,  0.00000000e+00,  0.00000000e+00,  0.00000000e+00,
        0.00000000e+00,  0.00000000e+00,  0.00000000e+00,  0.00000000e+00,
        0.00000000e+00,  0.00000000e+00,  0.00000000e+00,  0.00000000e+00,
        0.00000000e+00,  0.00000000e+00,  0.00000000e+00,  0.00000000e+00,
        0.00000000e+00,  0.00000000e+00,  0.00000000e+00,  0.00000000e+00,
        0.00000000e+00,  0.00000000e+00,  0.00000000e+00,  0.00000000e+00,
        0.00000000e+00,  0.00000000e+00,  0.00000000e+00,  0.00000000e+00,
        0.00000000e+00,  0.00000000e+00,  0.00000000e+00,  0.00000000e+00,
        0.00000000e+00,  0.00000000e+00,  0.00000000e+00,  0.00000000e+00,
        0.00000000e+00,  0.00000000e+00,  0.00000000e+00,  0.00000000e+00,
        0.00000000e+00,  0.00000000e+00,  0.00000000e+00,  0.00000000e+00,
        0.00000000e+00,  0.00000000e+00,  0.00000000e+00,  0.00000000e+00,
        0.00000000e+00,  0.00000000e+00,  0.00000000e+00,  0.00000000e+00,
        0.00000000e+00,  0.00000000e+00,  0.00000000e+00,  0.00000000e+00,
        0.00000000e+00,  0.00000000e+00,  0.00000000e+00,  0.00000000e+00,
        0.00000000e+00,  0.00000000e+00,  0.00000000e+00,  0.00000000e+00,
        0.00000000e+00,  0.00000000e+00,  0.00000000e+00,  0.00000000e+00,
        0.00000000e+00,  0.00000000e+00,  0.00000000e+00,  0.00000000e+00,
        0.00000000e+00,  0.00000000e+00,  0.00000000e+00,  0.00000000e+00,
        0.00000000e+00,  0.00000000e+00,  0.00000000e+00,  0.00000000e+00,
        0.00000000e+00,  0.00000000e+00,  0.00000000e+00,  0.00000000e+00,
        0.00000000e+00,  0.00000000e+00,  0.00000000e+00,  0.00000000e+00,
        0.00000000e+00,  0.00000000e+00,  0.00000000e+00,  0.00000000e+00,
        0.00000000e+00,  0.00000000e+00,  0.00000000e+00,  0.00000000e+00,
        0.00000000e+00,  0.00000000e+00,  0.00000000e+00,  0.00000000e+00,
        0.00000000e+00,  0.00000000e+00,  0.00000000e+00,  0.00000000e+00,
        0.00000000e+00,  0.00000000e+00,  0.00000000e+00,  0.00000000e+00,
        0.00000000e+00,  0.00000000e+00,  0.00000000e+00,  0.00000000e+00,
        0.00000000e+00,  0.00000000e+00,  0.00000000e+00,  0.00000000e+00,
        0.00000000e+00,  0.00000000e+00,  0.00000000e+00,  0.00000000e+00,
        0.00000000e+00,  0.00000000e+00,  0.00000000e+00,  0.00000000e+00,
        0.00000000e+00,  0.00000000e+00,  0.00000000e+00,  0.00000000e+00,
        0.00000000e+00,  0.00000000e+00,  0.00000000e+00,  0.00000000e+00,
        0.00000000e+00,  0.00000000e+00,  0.00000000e+00,  0.00000000e+00,
        0.00000000e+00,  0.00000000e+00,  0.00000000e+00,  0.00000000e+00,
        0.00000000e+00,  0.00000000e+00,  0.00000000e+00,  0.00000000e+00,
        0.00000000e+00,  0.00000000e+00,  0.00000000e+00,  0.00000000e+00,
        0.00000000e+00,  0.00000000e+00,  0.00000000e+00,  0.00000000e+00,
        0.00000000e+00], dtype=float64),
                   'Te_l': Array([], shape=(0,), dtype=float64),
                   'Ti_l': Array([], shape=(0,), dtype=float64),
                   'Z_lmn': Array([ 9.07193607e-10, -5.77411923e-09, -1.05407561e-10, ...,
       -7.41025966e-11,  7.63258250e-12,  5.51660661e-11], dtype=float64),
                   'Za_n': Array([-4.20732728e-11,  4.50700913e-11, -4.92371869e-11,  9.36792847e-11,
        3.42276419e-11, -4.13857904e-10, -1.14666002e-10, -3.72827787e-08,
       -1.24869389e-07, -7.39712116e-08, -7.22558342e-06, -1.57637078e-06,
        6.77141482e-05,  1.26769261e-03,  8.83506322e-02,  1.34821321e+00],      dtype=float64),
                   'Zb_lmn': Array([ 0.00000000e+00,  0.00000000e+00,  0.00000000e+00,  0.00000000e+00,
        0.00000000e+00,  0.00000000e+00,  0.00000000e+00,  0.00000000e+00,
        0.00000000e+00,  0.00000000e+00,  0.00000000e+00,  0.00000000e+00,
        0.00000000e+00,  0.00000000e+00,  0.00000000e+00,  0.00000000e+00,
        0.00000000e+00,  0.00000000e+00,  0.00000000e+00,  0.00000000e+00,
        0.00000000e+00,  0.00000000e+00,  0.00000000e+00,  0.00000000e+00,
        0.00000000e+00,  0.00000000e+00,  0.00000000e+00,  0.00000000e+00,
        0.00000000e+00,  0.00000000e+00,  0.00000000e+00,  0.00000000e+00,
        0.00000000e+00,  0.00000000e+00,  0.00000000e+00,  0.00000000e+00,
        0.00000000e+00,  0.00000000e+00,  0.00000000e+00,  0.00000000e+00,
        0.00000000e+00,  0.00000000e+00,  0.00000000e+00,  0.00000000e+00,
        0.00000000e+00,  0.00000000e+00,  0.00000000e+00,  0.00000000e+00,
        0.00000000e+00,  0.00000000e+00,  0.00000000e+00,  0.00000000e+00,
        0.00000000e+00,  0.00000000e+00,  0.00000000e+00,  0.00000000e+00,
        0.00000000e+00,  0.00000000e+00,  0.00000000e+00,  0.00000000e+00,
        0.00000000e+00,  0.00000000e+00,  0.00000000e+00,  0.00000000e+00,
        0.00000000e+00,  0.00000000e+00,  0.00000000e+00,  0.00000000e+00,
        0.00000000e+00,  0.00000000e+00,  0.00000000e+00,  0.00000000e+00,
        0.00000000e+00,  0.00000000e+00,  0.00000000e+00,  0.00000000e+00,
        0.00000000e+00,  0.00000000e+00,  0.00000000e+00,  0.00000000e+00,
        0.00000000e+00,  0.00000000e+00,  0.00000000e+00,  0.00000000e+00,
        0.00000000e+00,  0.00000000e+00,  0.00000000e+00,  0.00000000e+00,
        0.00000000e+00,  0.00000000e+00,  0.00000000e+00,  0.00000000e+00,
        0.00000000e+00,  0.00000000e+00,  0.00000000e+00,  0.00000000e+00,
        0.00000000e+00,  0.00000000e+00,  0.00000000e+00,  0.00000000e+00,
        0.00000000e+00,  0.00000000e+00,  0.00000000e+00,  0.00000000e+00,
        0.00000000e+00,  0.00000000e+00,  0.00000000e+00,  0.00000000e+00,
        0.00000000e+00,  0.00000000e+00,  0.00000000e+00,  0.00000000e+00,
        0.00000000e+00,  0.00000000e+00,  0.00000000e+00,  0.00000000e+00,
        0.00000000e+00,  0.00000000e+00,  0.00000000e+00,  0.00000000e+00,
        0.00000000e+00,  0.00000000e+00,  0.00000000e+00,  0.00000000e+00,
        0.00000000e+00,  0.00000000e+00,  0.00000000e+00,  0.00000000e+00,
        0.00000000e+00,  0.00000000e+00,  0.00000000e+00,  0.00000000e+00,
        0.00000000e+00,  0.00000000e+00,  0.00000000e+00,  0.00000000e+00,
        0.00000000e+00,  0.00000000e+00,  0.00000000e+00,  0.00000000e+00,
        0.00000000e+00,  0.00000000e+00,  0.00000000e+00,  0.00000000e+00,
        0.00000000e+00,  0.00000000e+00,  0.00000000e+00,  0.00000000e+00,
        0.00000000e+00,  0.00000000e+00,  0.00000000e+00,  0.00000000e+00,
        0.00000000e+00,  0.00000000e+00,  0.00000000e+00,  0.00000000e+00,
        0.00000000e+00,  0.00000000e+00,  0.00000000e+00,  0.00000000e+00,
        0.00000000e+00,  0.00000000e+00,  0.00000000e+00,  0.00000000e+00,
        0.00000000e+00,  0.00000000e+00,  0.00000000e+00,  0.00000000e+00,
        0.00000000e+00,  0.00000000e+00,  0.00000000e+00,  0.00000000e+00,
        0.00000000e+00,  0.00000000e+00,  0.00000000e+00,  0.00000000e+00,
        0.00000000e+00,  0.00000000e+00,  0.00000000e+00,  0.00000000e+00,
        0.00000000e+00,  0.00000000e+00,  0.00000000e+00,  0.00000000e+00,
        0.00000000e+00,  0.00000000e+00,  0.00000000e+00,  8.52133016e-06,
       -2.44076775e-05,  1.32133797e-06,  5.65622936e-05, -4.74684262e-05,
       -4.47921454e-05,  0.00000000e+00,  0.00000000e+00,  0.00000000e+00,
        0.00000000e+00,  0.00000000e+00,  0.00000000e+00,  0.00000000e+00,
        0.00000000e+00,  0.00000000e+00,  0.00000000e+00,  0.00000000e+00,
       -1.81933356e-05,  1.07064678e-04, -1.03067644e-05, -1.16075003e-04,
        8.73592234e-05,  1.00014011e-04,  0.00000000e+00,  0.00000000e+00,
        0.00000000e+00,  0.00000000e+00,  0.00000000e+00,  0.00000000e+00,
        0.00000000e+00,  0.00000000e+00,  0.00000000e+00,  0.00000000e+00,
        0.00000000e+00, -1.26036204e-03, -5.81268595e-03,  7.87443442e-03,
        3.54863421e-03, -5.87767000e-05, -2.71329854e-04,  0.00000000e+00,
        0.00000000e+00,  0.00000000e+00,  0.00000000e+00,  0.00000000e+00,
        0.00000000e+00,  0.00000000e+00,  0.00000000e+00,  0.00000000e+00,
        0.00000000e+00,  0.00000000e+00,  2.83029444e-02, -2.85434908e-02,
       -4.92554431e-02,  1.82205629e-02, -3.58927141e-04,  5.67509512e-04,
        0.00000000e+00,  0.00000000e+00,  0.00000000e+00,  0.00000000e+00,
        0.00000000e+00,  0.00000000e+00,  0.00000000e+00,  0.00000000e+00,
        0.00000000e+00,  0.00000000e+00,  0.00000000e+00,  1.54945935e+00,
       -6.30271223e-02,  1.99810874e-01,  8.60643855e-02, -1.95629285e-04,
       -3.94755864e-04,  0.00000000e+00,  0.00000000e+00,  0.00000000e+00,
        0.00000000e+00,  0.00000000e+00,  0.00000000e+00,  0.00000000e+00,
        0.00000000e+00,  0.00000000e+00,  0.00000000e+00,  0.00000000e+00,
        0.00000000e+00,  0.00000000e+00,  0.00000000e+00,  0.00000000e+00,
        0.00000000e+00,  0.00000000e+00,  0.00000000e+00,  0.00000000e+00,
        0.00000000e+00,  0.00000000e+00,  0.00000000e+00,  1.78136880e-04,
       -7.82227004e-04,  6.15122775e-02,  7.51044300e-03, -1.93139984e+00,
        0.00000000e+00,  0.00000000e+00,  0.00000000e+00,  0.00000000e+00,
        0.00000000e+00,  0.00000000e+00,  0.00000000e+00,  0.00000000e+00,
        0.00000000e+00,  0.00000000e+00,  0.00000000e+00, -3.36483689e-04,
        2.29084897e-04, -1.06892867e-02,  2.76402823e-01, -2.52853949e-02,
        0.00000000e+00,  0.00000000e+00,  0.00000000e+00,  0.00000000e+00,
        0.00000000e+00,  0.00000000e+00,  0.00000000e+00,  0.00000000e+00,
        0.00000000e+00,  0.00000000e+00,  0.00000000e+00,  6.74457004e-04,
       -5.54492250e-04,  2.47601481e-02, -4.24051668e-02,  7.37282659e-03,
        0.00000000e+00,  0.00000000e+00,  0.00000000e+00,  0.00000000e+00,
        0.00000000e+00,  0.00000000e+00,  0.00000000e+00,  0.00000000e+00,
        0.00000000e+00,  0.00000000e+00,  0.00000000e+00, -2.72616825e-04,
       -2.14551301e-05,  5.07119224e-03,  7.14929370e-03, -2.64871916e-03,
        0.00000000e+00,  0.00000000e+00,  0.00000000e+00,  0.00000000e+00,
        0.00000000e+00,  0.00000000e+00,  0.00000000e+00,  0.00000000e+00,
        0.00000000e+00,  0.00000000e+00,  0.00000000e+00,  8.65122775e-05,
        1.17118281e-04, -1.26366698e-04, -8.78628174e-06,  1.58021819e-05,
        0.00000000e+00,  0.00000000e+00,  0.00000000e+00,  0.00000000e+00,
        0.00000000e+00,  0.00000000e+00,  0.00000000e+00,  0.00000000e+00,
        0.00000000e+00,  0.00000000e+00,  0.00000000e+00, -4.13633557e-05,
       -5.41010243e-05,  5.56917639e-05, -3.20078981e-06, -2.73013225e-06,
        0.00000000e+00,  0.00000000e+00,  0.00000000e+00,  0.00000000e+00,
        0.00000000e+00,  0.00000000e+00,  0.00000000e+00,  0.00000000e+00,
        0.00000000e+00,  0.00000000e+00,  0.00000000e+00,  0.00000000e+00,
        0.00000000e+00,  0.00000000e+00,  0.00000000e+00,  0.00000000e+00,
        0.00000000e+00,  0.00000000e+00,  0.00000000e+00,  0.00000000e+00,
        0.00000000e+00,  0.00000000e+00,  0.00000000e+00,  0.00000000e+00,
        0.00000000e+00,  0.00000000e+00,  0.00000000e+00,  0.00000000e+00,
        0.00000000e+00,  0.00000000e+00,  0.00000000e+00,  0.00000000e+00,
        0.00000000e+00,  0.00000000e+00,  0.00000000e+00,  0.00000000e+00,
        0.00000000e+00,  0.00000000e+00,  0.00000000e+00,  0.00000000e+00,
        0.00000000e+00,  0.00000000e+00,  0.00000000e+00,  0.00000000e+00,
        0.00000000e+00,  0.00000000e+00,  0.00000000e+00,  0.00000000e+00,
        0.00000000e+00,  0.00000000e+00,  0.00000000e+00,  0.00000000e+00,
        0.00000000e+00,  0.00000000e+00,  0.00000000e+00,  0.00000000e+00,
        0.00000000e+00,  0.00000000e+00,  0.00000000e+00,  0.00000000e+00,
        0.00000000e+00,  0.00000000e+00,  0.00000000e+00,  0.00000000e+00,
        0.00000000e+00,  0.00000000e+00,  0.00000000e+00,  0.00000000e+00,
        0.00000000e+00,  0.00000000e+00,  0.00000000e+00,  0.00000000e+00,
        0.00000000e+00,  0.00000000e+00,  0.00000000e+00,  0.00000000e+00,
        0.00000000e+00,  0.00000000e+00,  0.00000000e+00,  0.00000000e+00,
        0.00000000e+00,  0.00000000e+00,  0.00000000e+00,  0.00000000e+00,
        0.00000000e+00,  0.00000000e+00,  0.00000000e+00,  0.00000000e+00,
        0.00000000e+00,  0.00000000e+00,  0.00000000e+00,  0.00000000e+00,
        0.00000000e+00,  0.00000000e+00,  0.00000000e+00,  0.00000000e+00,
        0.00000000e+00,  0.00000000e+00,  0.00000000e+00,  0.00000000e+00,
        0.00000000e+00,  0.00000000e+00,  0.00000000e+00,  0.00000000e+00,
        0.00000000e+00,  0.00000000e+00,  0.00000000e+00,  0.00000000e+00,
        0.00000000e+00,  0.00000000e+00,  0.00000000e+00,  0.00000000e+00,
        0.00000000e+00,  0.00000000e+00,  0.00000000e+00,  0.00000000e+00,
        0.00000000e+00,  0.00000000e+00,  0.00000000e+00,  0.00000000e+00,
        0.00000000e+00,  0.00000000e+00,  0.00000000e+00,  0.00000000e+00,
        0.00000000e+00,  0.00000000e+00,  0.00000000e+00,  0.00000000e+00,
        0.00000000e+00,  0.00000000e+00,  0.00000000e+00,  0.00000000e+00,
        0.00000000e+00,  0.00000000e+00,  0.00000000e+00,  0.00000000e+00,
        0.00000000e+00,  0.00000000e+00,  0.00000000e+00,  0.00000000e+00,
        0.00000000e+00,  0.00000000e+00,  0.00000000e+00,  0.00000000e+00,
        0.00000000e+00,  0.00000000e+00,  0.00000000e+00,  0.00000000e+00,
        0.00000000e+00,  0.00000000e+00,  0.00000000e+00,  0.00000000e+00,
        0.00000000e+00,  0.00000000e+00,  0.00000000e+00,  0.00000000e+00,
        0.00000000e+00,  0.00000000e+00,  0.00000000e+00,  0.00000000e+00,
        0.00000000e+00,  0.00000000e+00,  0.00000000e+00,  0.00000000e+00,
        0.00000000e+00,  0.00000000e+00,  0.00000000e+00,  0.00000000e+00,
        0.00000000e+00,  0.00000000e+00,  0.00000000e+00,  0.00000000e+00,
        0.00000000e+00,  0.00000000e+00,  0.00000000e+00,  0.00000000e+00],      dtype=float64),
                   'Zeff_l': Array([], shape=(0,), dtype=float64),
                   'a_lmn': Array([], shape=(0,), dtype=float64),
                   'c_l': Array([0., 0., 0., 0., 0., 0., 0., 0., 0.], dtype=float64),
                   'i_l': Array([], shape=(0,), dtype=float64),
                   'ne_l': Array([], shape=(0,), dtype=float64),
                   'ni_l': Array([], shape=(0,), dtype=float64),
                   'p_l': Array([0., 0., 0., 0., 0., 0., 0., 0., 0.], dtype=float64)}],
               [ { 'G': Array([], shape=(0,), dtype=float64),
                   'I': Array([], shape=(0,), dtype=float64),
                   'L_lmn': Array([ 2.46405925e-09, -1.53989769e-09, -6.80809058e-10, ...,
       -1.95173325e-10, -1.19839441e-10, -1.40401972e-11], dtype=float64),
                   'Phi_mn': Array([], shape=(0,), dtype=float64),
                   'Psi': Array([0.93381377], dtype=float64),
                   'R_lmn': Array([-2.16969390e-09,  4.32220310e-10, -9.07769096e-10, ...,
        6.19551945e-11,  2.49767492e-10,  0.00000000e+00], dtype=float64),
                   'Ra_n': Array([ 7.67985332e+00,  1.26518326e+00,  5.72474460e-02,  3.10762110e-03,
        3.35623016e-04, -1.34612190e-05,  3.33619907e-06, -3.26107995e-08,
       -2.01296628e-07,  3.24993665e-09, -1.04053910e-09, -4.19597422e-10,
        1.25935616e-10,  9.14706713e-11, -1.73349477e-11,  6.44787995e-11,
       -6.90664956e-12], dtype=float64),
                   'Rb_lmn': Array([ 0.00000000e+00,  0.00000000e+00,  0.00000000e+00,  0.00000000e+00,
        0.00000000e+00,  0.00000000e+00,  0.00000000e+00,  0.00000000e+00,
        0.00000000e+00,  0.00000000e+00,  0.00000000e+00,  0.00000000e+00,
        0.00000000e+00,  0.00000000e+00,  0.00000000e+00,  0.00000000e+00,
        0.00000000e+00,  0.00000000e+00,  0.00000000e+00,  0.00000000e+00,
        0.00000000e+00,  0.00000000e+00,  0.00000000e+00,  0.00000000e+00,
        0.00000000e+00,  0.00000000e+00,  0.00000000e+00,  0.00000000e+00,
        0.00000000e+00,  0.00000000e+00,  0.00000000e+00,  0.00000000e+00,
        0.00000000e+00,  0.00000000e+00,  0.00000000e+00,  0.00000000e+00,
        0.00000000e+00,  0.00000000e+00,  0.00000000e+00,  0.00000000e+00,
        0.00000000e+00,  0.00000000e+00,  0.00000000e+00,  0.00000000e+00,
        0.00000000e+00,  0.00000000e+00,  0.00000000e+00,  0.00000000e+00,
        0.00000000e+00,  0.00000000e+00,  0.00000000e+00,  0.00000000e+00,
        0.00000000e+00,  0.00000000e+00,  0.00000000e+00,  0.00000000e+00,
        0.00000000e+00,  0.00000000e+00,  0.00000000e+00,  0.00000000e+00,
        0.00000000e+00,  0.00000000e+00,  0.00000000e+00,  0.00000000e+00,
        0.00000000e+00,  0.00000000e+00,  0.00000000e+00,  0.00000000e+00,
        0.00000000e+00,  0.00000000e+00,  0.00000000e+00,  0.00000000e+00,
        0.00000000e+00,  0.00000000e+00,  0.00000000e+00,  0.00000000e+00,
        0.00000000e+00,  0.00000000e+00,  0.00000000e+00,  0.00000000e+00,
        0.00000000e+00,  0.00000000e+00,  0.00000000e+00,  0.00000000e+00,
        0.00000000e+00,  0.00000000e+00,  0.00000000e+00,  0.00000000e+00,
        0.00000000e+00,  0.00000000e+00,  0.00000000e+00,  0.00000000e+00,
        0.00000000e+00,  0.00000000e+00,  0.00000000e+00,  0.00000000e+00,
        0.00000000e+00,  0.00000000e+00,  0.00000000e+00,  0.00000000e+00,
        0.00000000e+00,  0.00000000e+00,  0.00000000e+00,  0.00000000e+00,
        0.00000000e+00,  0.00000000e+00,  0.00000000e+00,  0.00000000e+00,
        0.00000000e+00,  0.00000000e+00,  0.00000000e+00,  0.00000000e+00,
        0.00000000e+00,  0.00000000e+00,  0.00000000e+00,  0.00000000e+00,
        0.00000000e+00,  0.00000000e+00,  0.00000000e+00,  0.00000000e+00,
        0.00000000e+00,  0.00000000e+00,  0.00000000e+00,  0.00000000e+00,
        0.00000000e+00,  0.00000000e+00,  0.00000000e+00,  0.00000000e+00,
        0.00000000e+00,  0.00000000e+00,  0.00000000e+00,  0.00000000e+00,
        0.00000000e+00,  0.00000000e+00,  0.00000000e+00,  0.00000000e+00,
        0.00000000e+00,  0.00000000e+00,  0.00000000e+00,  0.00000000e+00,
        0.00000000e+00,  0.00000000e+00,  0.00000000e+00,  0.00000000e+00,
        0.00000000e+00,  0.00000000e+00,  0.00000000e+00,  0.00000000e+00,
        0.00000000e+00,  0.00000000e+00,  0.00000000e+00,  0.00000000e+00,
        0.00000000e+00,  0.00000000e+00,  0.00000000e+00,  0.00000000e+00,
        0.00000000e+00,  0.00000000e+00,  0.00000000e+00,  0.00000000e+00,
        0.00000000e+00,  0.00000000e+00,  0.00000000e+00,  0.00000000e+00,
        0.00000000e+00,  0.00000000e+00,  0.00000000e+00,  0.00000000e+00,
        0.00000000e+00,  0.00000000e+00,  0.00000000e+00,  0.00000000e+00,
        0.00000000e+00,  0.00000000e+00,  0.00000000e+00,  0.00000000e+00,
        0.00000000e+00,  0.00000000e+00,  0.00000000e+00,  0.00000000e+00,
        0.00000000e+00,  0.00000000e+00,  0.00000000e+00,  0.00000000e+00,
        0.00000000e+00,  0.00000000e+00,  0.00000000e+00, -4.28151341e-05,
        3.84168465e-06, -4.18701544e-06, -2.05524350e-05,  2.24720406e-05,
        0.00000000e+00,  0.00000000e+00,  0.00000000e+00,  0.00000000e+00,
        0.00000000e+00,  0.00000000e+00,  0.00000000e+00,  0.00000000e+00,
        0.00000000e+00,  0.00000000e+00,  0.00000000e+00,  6.04129991e-05,
       -3.90762277e-06, -3.09777322e-05,  5.84526046e-05, -7.49831164e-05,
        0.00000000e+00,  0.00000000e+00,  0.00000000e+00,  0.00000000e+00,
        0.00000000e+00,  0.00000000e+00,  0.00000000e+00,  0.00000000e+00,
        0.00000000e+00,  0.00000000e+00,  0.00000000e+00, -1.99274884e-04,
        1.14830914e-04,  3.37687239e-03, -1.77951799e-03,  3.89952159e-03,
        0.00000000e+00,  0.00000000e+00,  0.00000000e+00,  0.00000000e+00,
        0.00000000e+00,  0.00000000e+00,  0.00000000e+00,  0.00000000e+00,
        0.00000000e+00,  0.00000000e+00,  0.00000000e+00,  3.78858180e-04,
       -3.46845583e-04,  3.27360599e-02, -4.39575750e-02,  1.16465783e-03,
        0.00000000e+00,  0.00000000e+00,  0.00000000e+00,  0.00000000e+00,
        0.00000000e+00,  0.00000000e+00,  0.00000000e+00,  0.00000000e+00,
        0.00000000e+00,  0.00000000e+00,  0.00000000e+00,  5.89435663e-04,
       -1.65433017e-03,  7.47888518e-02,  3.54914369e-02,  1.80735720e-01,
        8.00000000e+00,  1.92680853e+00, -4.76803442e-02, -2.77447975e-02,
       -1.18858624e-03,  5.90059516e-04,  0.00000000e+00,  0.00000000e+00,
        0.00000000e+00,  0.00000000e+00,  0.00000000e+00,  0.00000000e+00,
        0.00000000e+00,  0.00000000e+00,  0.00000000e+00,  0.00000000e+00,
        0.00000000e+00,  1.52274465e+00,  2.44878581e-02, -9.94454244e-02,
       -5.19129578e-02,  1.20757347e-03, -5.60516090e-04,  0.00000000e+00,
        0.00000000e+00,  0.00000000e+00,  0.00000000e+00,  0.00000000e+00,
        0.00000000e+00,  0.00000000e+00,  0.00000000e+00,  0.00000000e+00,
        0.00000000e+00,  0.00000000e+00,  2.48139506e-02, -8.96232661e-03,
        3.64754919e-02, -2.92351557e-02,  3.79875768e-04, -3.58452022e-04,
        0.00000000e+00,  0.00000000e+00,  0.00000000e+00,  0.00000000e+00,
        0.00000000e+00,  0.00000000e+00,  0.00000000e+00,  0.00000000e+00,
        0.00000000e+00,  0.00000000e+00,  0.00000000e+00, -2.03155270e-03,
        1.73489217e-03,  7.96711391e-04, -6.28576854e-03, -1.26822534e-04,
        1.99843605e-04,  0.00000000e+00,  0.00000000e+00,  0.00000000e+00,
        0.00000000e+00,  0.00000000e+00,  0.00000000e+00,  0.00000000e+00,
        0.00000000e+00,  0.00000000e+00,  0.00000000e+00,  0.00000000e+00,
       -4.92445132e-06,  1.66353319e-05, -6.32750189e-05,  5.95731430e-05,
       -1.00919233e-05, -6.17774384e-05,  0.00000000e+00,  0.00000000e+00,
        0.00000000e+00,  0.00000000e+00,  0.00000000e+00,  0.00000000e+00,
        0.00000000e+00,  0.00000000e+00,  0.00000000e+00,  0.00000000e+00,
        0.00000000e+00,  6.17146733e-06, -1.02203269e-05,  2.59395442e-05,
       -4.94529199e-06, -1.78127959e-06,  4.42923801e-05,  0.00000000e+00,
        0.00000000e+00,  0.00000000e+00,  0.00000000e+00,  0.00000000e+00,
        0.00000000e+00,  0.00000000e+00,  0.00000000e+00,  0.00000000e+00,
        0.00000000e+00,  0.00000000e+00,  0.00000000e+00,  0.00000000e+00,
        0.00000000e+00,  0.00000000e+00,  0.00000000e+00,  0.00000000e+00,
        0.00000000e+00,  0.00000000e+00,  0.00000000e+00,  0.00000000e+00,
        0.00000000e+00,  0.00000000e+00,  0.00000000e+00,  0.00000000e+00,
        0.00000000e+00,  0.00000000e+00,  0.00000000e+00,  0.00000000e+00,
        0.00000000e+00,  0.00000000e+00,  0.00000000e+00,  0.00000000e+00,
        0.00000000e+00,  0.00000000e+00,  0.00000000e+00,  0.00000000e+00,
        0.00000000e+00,  0.00000000e+00,  0.00000000e+00,  0.00000000e+00,
        0.00000000e+00,  0.00000000e+00,  0.00000000e+00,  0.00000000e+00,
        0.00000000e+00,  0.00000000e+00,  0.00000000e+00,  0.00000000e+00,
        0.00000000e+00,  0.00000000e+00,  0.00000000e+00,  0.00000000e+00,
        0.00000000e+00,  0.00000000e+00,  0.00000000e+00,  0.00000000e+00,
        0.00000000e+00,  0.00000000e+00,  0.00000000e+00,  0.00000000e+00,
        0.00000000e+00,  0.00000000e+00,  0.00000000e+00,  0.00000000e+00,
        0.00000000e+00,  0.00000000e+00,  0.00000000e+00,  0.00000000e+00,
        0.00000000e+00,  0.00000000e+00,  0.00000000e+00,  0.00000000e+00,
        0.00000000e+00,  0.00000000e+00,  0.00000000e+00,  0.00000000e+00,
        0.00000000e+00,  0.00000000e+00,  0.00000000e+00,  0.00000000e+00,
        0.00000000e+00,  0.00000000e+00,  0.00000000e+00,  0.00000000e+00,
        0.00000000e+00,  0.00000000e+00,  0.00000000e+00,  0.00000000e+00,
        0.00000000e+00,  0.00000000e+00,  0.00000000e+00,  0.00000000e+00,
        0.00000000e+00,  0.00000000e+00,  0.00000000e+00,  0.00000000e+00,
        0.00000000e+00,  0.00000000e+00,  0.00000000e+00,  0.00000000e+00,
        0.00000000e+00,  0.00000000e+00,  0.00000000e+00,  0.00000000e+00,
        0.00000000e+00,  0.00000000e+00,  0.00000000e+00,  0.00000000e+00,
        0.00000000e+00,  0.00000000e+00,  0.00000000e+00,  0.00000000e+00,
        0.00000000e+00,  0.00000000e+00,  0.00000000e+00,  0.00000000e+00,
        0.00000000e+00,  0.00000000e+00,  0.00000000e+00,  0.00000000e+00,
        0.00000000e+00,  0.00000000e+00,  0.00000000e+00,  0.00000000e+00,
        0.00000000e+00,  0.00000000e+00,  0.00000000e+00,  0.00000000e+00,
        0.00000000e+00,  0.00000000e+00,  0.00000000e+00,  0.00000000e+00,
        0.00000000e+00,  0.00000000e+00,  0.00000000e+00,  0.00000000e+00,
        0.00000000e+00,  0.00000000e+00,  0.00000000e+00,  0.00000000e+00,
        0.00000000e+00,  0.00000000e+00,  0.00000000e+00,  0.00000000e+00,
        0.00000000e+00,  0.00000000e+00,  0.00000000e+00,  0.00000000e+00,
        0.00000000e+00,  0.00000000e+00,  0.00000000e+00,  0.00000000e+00,
        0.00000000e+00,  0.00000000e+00,  0.00000000e+00,  0.00000000e+00,
        0.00000000e+00,  0.00000000e+00,  0.00000000e+00,  0.00000000e+00,
        0.00000000e+00,  0.00000000e+00,  0.00000000e+00,  0.00000000e+00,
        0.00000000e+00,  0.00000000e+00,  0.00000000e+00,  0.00000000e+00,
        0.00000000e+00,  0.00000000e+00,  0.00000000e+00,  0.00000000e+00,
        0.00000000e+00,  0.00000000e+00,  0.00000000e+00,  0.00000000e+00,
        0.00000000e+00,  0.00000000e+00,  0.00000000e+00,  0.00000000e+00,
        0.00000000e+00,  0.00000000e+00,  0.00000000e+00,  0.00000000e+00,
        0.00000000e+00,  0.00000000e+00,  0.00000000e+00,  0.00000000e+00,
        0.00000000e+00,  0.00000000e+00,  0.00000000e+00,  0.00000000e+00,
        0.00000000e+00,  0.00000000e+00,  0.00000000e+00,  0.00000000e+00,
        0.00000000e+00], dtype=float64),
                   'Te_l': Array([], shape=(0,), dtype=float64),
                   'Ti_l': Array([], shape=(0,), dtype=float64),
                   'Z_lmn': Array([ 9.07193607e-10, -5.77411923e-09, -1.05407561e-10, ...,
       -7.41025966e-11,  7.63258250e-12,  5.51660661e-11], dtype=float64),
                   'Za_n': Array([-4.20732728e-11,  4.50700913e-11, -4.92371869e-11,  9.36792847e-11,
        3.42276419e-11, -4.13857904e-10, -1.14666002e-10, -3.72827787e-08,
       -1.24869389e-07, -7.39712116e-08, -7.22558342e-06, -1.57637078e-06,
        6.77141482e-05,  1.26769261e-03,  8.83506322e-02,  1.34821321e+00],      dtype=float64),
                   'Zb_lmn': Array([ 0.00000000e+00,  0.00000000e+00,  0.00000000e+00,  0.00000000e+00,
        0.00000000e+00,  0.00000000e+00,  0.00000000e+00,  0.00000000e+00,
        0.00000000e+00,  0.00000000e+00,  0.00000000e+00,  0.00000000e+00,
        0.00000000e+00,  0.00000000e+00,  0.00000000e+00,  0.00000000e+00,
        0.00000000e+00,  0.00000000e+00,  0.00000000e+00,  0.00000000e+00,
        0.00000000e+00,  0.00000000e+00,  0.00000000e+00,  0.00000000e+00,
        0.00000000e+00,  0.00000000e+00,  0.00000000e+00,  0.00000000e+00,
        0.00000000e+00,  0.00000000e+00,  0.00000000e+00,  0.00000000e+00,
        0.00000000e+00,  0.00000000e+00,  0.00000000e+00,  0.00000000e+00,
        0.00000000e+00,  0.00000000e+00,  0.00000000e+00,  0.00000000e+00,
        0.00000000e+00,  0.00000000e+00,  0.00000000e+00,  0.00000000e+00,
        0.00000000e+00,  0.00000000e+00,  0.00000000e+00,  0.00000000e+00,
        0.00000000e+00,  0.00000000e+00,  0.00000000e+00,  0.00000000e+00,
        0.00000000e+00,  0.00000000e+00,  0.00000000e+00,  0.00000000e+00,
        0.00000000e+00,  0.00000000e+00,  0.00000000e+00,  0.00000000e+00,
        0.00000000e+00,  0.00000000e+00,  0.00000000e+00,  0.00000000e+00,
        0.00000000e+00,  0.00000000e+00,  0.00000000e+00,  0.00000000e+00,
        0.00000000e+00,  0.00000000e+00,  0.00000000e+00,  0.00000000e+00,
        0.00000000e+00,  0.00000000e+00,  0.00000000e+00,  0.00000000e+00,
        0.00000000e+00,  0.00000000e+00,  0.00000000e+00,  0.00000000e+00,
        0.00000000e+00,  0.00000000e+00,  0.00000000e+00,  0.00000000e+00,
        0.00000000e+00,  0.00000000e+00,  0.00000000e+00,  0.00000000e+00,
        0.00000000e+00,  0.00000000e+00,  0.00000000e+00,  0.00000000e+00,
        0.00000000e+00,  0.00000000e+00,  0.00000000e+00,  0.00000000e+00,
        0.00000000e+00,  0.00000000e+00,  0.00000000e+00,  0.00000000e+00,
        0.00000000e+00,  0.00000000e+00,  0.00000000e+00,  0.00000000e+00,
        0.00000000e+00,  0.00000000e+00,  0.00000000e+00,  0.00000000e+00,
        0.00000000e+00,  0.00000000e+00,  0.00000000e+00,  0.00000000e+00,
        0.00000000e+00,  0.00000000e+00,  0.00000000e+00,  0.00000000e+00,
        0.00000000e+00,  0.00000000e+00,  0.00000000e+00,  0.00000000e+00,
        0.00000000e+00,  0.00000000e+00,  0.00000000e+00,  0.00000000e+00,
        0.00000000e+00,  0.00000000e+00,  0.00000000e+00,  0.00000000e+00,
        0.00000000e+00,  0.00000000e+00,  0.00000000e+00,  0.00000000e+00,
        0.00000000e+00,  0.00000000e+00,  0.00000000e+00,  0.00000000e+00,
        0.00000000e+00,  0.00000000e+00,  0.00000000e+00,  0.00000000e+00,
        0.00000000e+00,  0.00000000e+00,  0.00000000e+00,  0.00000000e+00,
        0.00000000e+00,  0.00000000e+00,  0.00000000e+00,  0.00000000e+00,
        0.00000000e+00,  0.00000000e+00,  0.00000000e+00,  0.00000000e+00,
        0.00000000e+00,  0.00000000e+00,  0.00000000e+00,  0.00000000e+00,
        0.00000000e+00,  0.00000000e+00,  0.00000000e+00,  0.00000000e+00,
        0.00000000e+00,  0.00000000e+00,  0.00000000e+00,  0.00000000e+00,
        0.00000000e+00,  0.00000000e+00,  0.00000000e+00,  0.00000000e+00,
        0.00000000e+00,  0.00000000e+00,  0.00000000e+00,  0.00000000e+00,
        0.00000000e+00,  0.00000000e+00,  0.00000000e+00,  0.00000000e+00,
        0.00000000e+00,  0.00000000e+00,  0.00000000e+00,  0.00000000e+00,
        0.00000000e+00,  0.00000000e+00,  0.00000000e+00,  0.00000000e+00,
        0.00000000e+00,  0.00000000e+00,  0.00000000e+00,  8.52133016e-06,
       -2.44076775e-05,  1.32133797e-06,  5.65622936e-05, -4.74684262e-05,
       -4.47921454e-05,  0.00000000e+00,  0.00000000e+00,  0.00000000e+00,
        0.00000000e+00,  0.00000000e+00,  0.00000000e+00,  0.00000000e+00,
        0.00000000e+00,  0.00000000e+00,  0.00000000e+00,  0.00000000e+00,
       -1.81933356e-05,  1.07064678e-04, -1.03067644e-05, -1.16075003e-04,
        8.73592234e-05,  1.00014011e-04,  0.00000000e+00,  0.00000000e+00,
        0.00000000e+00,  0.00000000e+00,  0.00000000e+00,  0.00000000e+00,
        0.00000000e+00,  0.00000000e+00,  0.00000000e+00,  0.00000000e+00,
        0.00000000e+00, -1.26036204e-03, -5.81268595e-03,  7.87443442e-03,
        3.54863421e-03, -5.87767000e-05, -2.71329854e-04,  0.00000000e+00,
        0.00000000e+00,  0.00000000e+00,  0.00000000e+00,  0.00000000e+00,
        0.00000000e+00,  0.00000000e+00,  0.00000000e+00,  0.00000000e+00,
        0.00000000e+00,  0.00000000e+00,  2.83029444e-02, -2.85434908e-02,
       -4.92554431e-02,  1.82205629e-02, -3.58927141e-04,  5.67509512e-04,
        0.00000000e+00,  0.00000000e+00,  0.00000000e+00,  0.00000000e+00,
        0.00000000e+00,  0.00000000e+00,  0.00000000e+00,  0.00000000e+00,
        0.00000000e+00,  0.00000000e+00,  0.00000000e+00,  1.54945935e+00,
       -6.30271223e-02,  1.99810874e-01,  8.60643855e-02, -1.95629285e-04,
       -3.94755864e-04,  0.00000000e+00,  0.00000000e+00,  0.00000000e+00,
        0.00000000e+00,  0.00000000e+00,  0.00000000e+00,  0.00000000e+00,
        0.00000000e+00,  0.00000000e+00,  0.00000000e+00,  0.00000000e+00,
        0.00000000e+00,  0.00000000e+00,  0.00000000e+00,  0.00000000e+00,
        0.00000000e+00,  0.00000000e+00,  0.00000000e+00,  0.00000000e+00,
        0.00000000e+00,  0.00000000e+00,  0.00000000e+00,  1.78136880e-04,
       -7.82227004e-04,  6.15122775e-02,  7.51044300e-03, -1.93139984e+00,
        0.00000000e+00,  0.00000000e+00,  0.00000000e+00,  0.00000000e+00,
        0.00000000e+00,  0.00000000e+00,  0.00000000e+00,  0.00000000e+00,
        0.00000000e+00,  0.00000000e+00,  0.00000000e+00, -3.36483689e-04,
        2.29084897e-04, -1.06892867e-02,  2.76402823e-01, -2.52853949e-02,
        0.00000000e+00,  0.00000000e+00,  0.00000000e+00,  0.00000000e+00,
        0.00000000e+00,  0.00000000e+00,  0.00000000e+00,  0.00000000e+00,
        0.00000000e+00,  0.00000000e+00,  0.00000000e+00,  6.74457004e-04,
       -5.54492250e-04,  2.47601481e-02, -4.24051668e-02,  7.37282659e-03,
        0.00000000e+00,  0.00000000e+00,  0.00000000e+00,  0.00000000e+00,
        0.00000000e+00,  0.00000000e+00,  0.00000000e+00,  0.00000000e+00,
        0.00000000e+00,  0.00000000e+00,  0.00000000e+00, -2.72616825e-04,
       -2.14551301e-05,  5.07119224e-03,  7.14929370e-03, -2.64871916e-03,
        0.00000000e+00,  0.00000000e+00,  0.00000000e+00,  0.00000000e+00,
        0.00000000e+00,  0.00000000e+00,  0.00000000e+00,  0.00000000e+00,
        0.00000000e+00,  0.00000000e+00,  0.00000000e+00,  8.65122775e-05,
        1.17118281e-04, -1.26366698e-04, -8.78628174e-06,  1.58021819e-05,
        0.00000000e+00,  0.00000000e+00,  0.00000000e+00,  0.00000000e+00,
        0.00000000e+00,  0.00000000e+00,  0.00000000e+00,  0.00000000e+00,
        0.00000000e+00,  0.00000000e+00,  0.00000000e+00, -4.13633557e-05,
       -5.41010243e-05,  5.56917639e-05, -3.20078981e-06, -2.73013225e-06,
        0.00000000e+00,  0.00000000e+00,  0.00000000e+00,  0.00000000e+00,
        0.00000000e+00,  0.00000000e+00,  0.00000000e+00,  0.00000000e+00,
        0.00000000e+00,  0.00000000e+00,  0.00000000e+00,  0.00000000e+00,
        0.00000000e+00,  0.00000000e+00,  0.00000000e+00,  0.00000000e+00,
        0.00000000e+00,  0.00000000e+00,  0.00000000e+00,  0.00000000e+00,
        0.00000000e+00,  0.00000000e+00,  0.00000000e+00,  0.00000000e+00,
        0.00000000e+00,  0.00000000e+00,  0.00000000e+00,  0.00000000e+00,
        0.00000000e+00,  0.00000000e+00,  0.00000000e+00,  0.00000000e+00,
        0.00000000e+00,  0.00000000e+00,  0.00000000e+00,  0.00000000e+00,
        0.00000000e+00,  0.00000000e+00,  0.00000000e+00,  0.00000000e+00,
        0.00000000e+00,  0.00000000e+00,  0.00000000e+00,  0.00000000e+00,
        0.00000000e+00,  0.00000000e+00,  0.00000000e+00,  0.00000000e+00,
        0.00000000e+00,  0.00000000e+00,  0.00000000e+00,  0.00000000e+00,
        0.00000000e+00,  0.00000000e+00,  0.00000000e+00,  0.00000000e+00,
        0.00000000e+00,  0.00000000e+00,  0.00000000e+00,  0.00000000e+00,
        0.00000000e+00,  0.00000000e+00,  0.00000000e+00,  0.00000000e+00,
        0.00000000e+00,  0.00000000e+00,  0.00000000e+00,  0.00000000e+00,
        0.00000000e+00,  0.00000000e+00,  0.00000000e+00,  0.00000000e+00,
        0.00000000e+00,  0.00000000e+00,  0.00000000e+00,  0.00000000e+00,
        0.00000000e+00,  0.00000000e+00,  0.00000000e+00,  0.00000000e+00,
        0.00000000e+00,  0.00000000e+00,  0.00000000e+00,  0.00000000e+00,
        0.00000000e+00,  0.00000000e+00,  0.00000000e+00,  0.00000000e+00,
        0.00000000e+00,  0.00000000e+00,  0.00000000e+00,  0.00000000e+00,
        0.00000000e+00,  0.00000000e+00,  0.00000000e+00,  0.00000000e+00,
        0.00000000e+00,  0.00000000e+00,  0.00000000e+00,  0.00000000e+00,
        0.00000000e+00,  0.00000000e+00,  0.00000000e+00,  0.00000000e+00,
        0.00000000e+00,  0.00000000e+00,  0.00000000e+00,  0.00000000e+00,
        0.00000000e+00,  0.00000000e+00,  0.00000000e+00,  0.00000000e+00,
        0.00000000e+00,  0.00000000e+00,  0.00000000e+00,  0.00000000e+00,
        0.00000000e+00,  0.00000000e+00,  0.00000000e+00,  0.00000000e+00,
        0.00000000e+00,  0.00000000e+00,  0.00000000e+00,  0.00000000e+00,
        0.00000000e+00,  0.00000000e+00,  0.00000000e+00,  0.00000000e+00,
        0.00000000e+00,  0.00000000e+00,  0.00000000e+00,  0.00000000e+00,
        0.00000000e+00,  0.00000000e+00,  0.00000000e+00,  0.00000000e+00,
        0.00000000e+00,  0.00000000e+00,  0.00000000e+00,  0.00000000e+00,
        0.00000000e+00,  0.00000000e+00,  0.00000000e+00,  0.00000000e+00,
        0.00000000e+00,  0.00000000e+00,  0.00000000e+00,  0.00000000e+00,
        0.00000000e+00,  0.00000000e+00,  0.00000000e+00,  0.00000000e+00,
        0.00000000e+00,  0.00000000e+00,  0.00000000e+00,  0.00000000e+00,
        0.00000000e+00,  0.00000000e+00,  0.00000000e+00,  0.00000000e+00,
        0.00000000e+00,  0.00000000e+00,  0.00000000e+00,  0.00000000e+00,
        0.00000000e+00,  0.00000000e+00,  0.00000000e+00,  0.00000000e+00,
        0.00000000e+00,  0.00000000e+00,  0.00000000e+00,  0.00000000e+00,
        0.00000000e+00,  0.00000000e+00,  0.00000000e+00,  0.00000000e+00],      dtype=float64),
                   'Zeff_l': Array([], shape=(0,), dtype=float64),
                   'a_lmn': Array([], shape=(0,), dtype=float64),
                   'c_l': Array([0., 0., 0., 0., 0., 0., 0., 0., 0.], dtype=float64),
                   'i_l': Array([], shape=(0,), dtype=float64),
                   'ne_l': Array([], shape=(0,), dtype=float64),
                   'ni_l': Array([], shape=(0,), dtype=float64),
                   'p_l': Array([0., 0., 0., 0., 0., 0., 0., 0., 0.], dtype=float64)}],
               [ { 'G': Array([], shape=(0,), dtype=float64),
                   'I': Array([], shape=(0,), dtype=float64),
                   'L_lmn': Array([ 2.46405925e-09, -1.53989769e-09, -6.80809058e-10, ...,
       -1.95173325e-10, -1.19839441e-10, -1.40401972e-11], dtype=float64),
                   'Phi_mn': Array([], shape=(0,), dtype=float64),
                   'Psi': Array([0.93381377], dtype=float64),
                   'R_lmn': Array([-2.16969390e-09,  4.32220282e-10, -9.07769103e-10, ...,
        6.19551945e-11,  2.49767492e-10,  0.00000000e+00], dtype=float64),
                   'Ra_n': Array([ 7.67985332e+00,  1.26518326e+00,  5.72474460e-02,  3.10762110e-03,
        3.35623016e-04, -1.34612190e-05,  3.33619907e-06, -3.26107995e-08,
       -2.01296628e-07,  3.24993665e-09, -1.04053910e-09, -4.19597422e-10,
        1.25935616e-10,  9.14706713e-11, -1.73349477e-11,  6.44787994e-11,
       -6.90664956e-12], dtype=float64),
                   'Rb_lmn': Array([ 0.00000000e+00,  0.00000000e+00,  0.00000000e+00,  0.00000000e+00,
        0.00000000e+00,  0.00000000e+00,  0.00000000e+00,  0.00000000e+00,
        0.00000000e+00,  0.00000000e+00,  0.00000000e+00,  0.00000000e+00,
        0.00000000e+00,  0.00000000e+00,  0.00000000e+00,  0.00000000e+00,
        0.00000000e+00,  0.00000000e+00,  0.00000000e+00,  0.00000000e+00,
        0.00000000e+00,  0.00000000e+00,  0.00000000e+00,  0.00000000e+00,
        0.00000000e+00,  0.00000000e+00,  0.00000000e+00,  0.00000000e+00,
        0.00000000e+00,  0.00000000e+00,  0.00000000e+00,  0.00000000e+00,
        0.00000000e+00,  0.00000000e+00,  0.00000000e+00,  0.00000000e+00,
        0.00000000e+00,  0.00000000e+00,  0.00000000e+00,  0.00000000e+00,
        0.00000000e+00,  0.00000000e+00,  0.00000000e+00,  0.00000000e+00,
        0.00000000e+00,  0.00000000e+00,  0.00000000e+00,  0.00000000e+00,
        0.00000000e+00,  0.00000000e+00,  0.00000000e+00,  0.00000000e+00,
        0.00000000e+00,  0.00000000e+00,  0.00000000e+00,  0.00000000e+00,
        0.00000000e+00,  0.00000000e+00,  0.00000000e+00,  0.00000000e+00,
        0.00000000e+00,  0.00000000e+00,  0.00000000e+00,  0.00000000e+00,
        0.00000000e+00,  0.00000000e+00,  0.00000000e+00,  0.00000000e+00,
        0.00000000e+00,  0.00000000e+00,  0.00000000e+00,  0.00000000e+00,
        0.00000000e+00,  0.00000000e+00,  0.00000000e+00,  0.00000000e+00,
        0.00000000e+00,  0.00000000e+00,  0.00000000e+00,  0.00000000e+00,
        0.00000000e+00,  0.00000000e+00,  0.00000000e+00,  0.00000000e+00,
        0.00000000e+00,  0.00000000e+00,  0.00000000e+00,  0.00000000e+00,
        0.00000000e+00,  0.00000000e+00,  0.00000000e+00,  0.00000000e+00,
        0.00000000e+00,  0.00000000e+00,  0.00000000e+00,  0.00000000e+00,
        0.00000000e+00,  0.00000000e+00,  0.00000000e+00,  0.00000000e+00,
        0.00000000e+00,  0.00000000e+00,  0.00000000e+00,  0.00000000e+00,
        0.00000000e+00,  0.00000000e+00,  0.00000000e+00,  0.00000000e+00,
        0.00000000e+00,  0.00000000e+00,  0.00000000e+00,  0.00000000e+00,
        0.00000000e+00,  0.00000000e+00,  0.00000000e+00,  0.00000000e+00,
        0.00000000e+00,  0.00000000e+00,  0.00000000e+00,  0.00000000e+00,
        0.00000000e+00,  0.00000000e+00,  0.00000000e+00,  0.00000000e+00,
        0.00000000e+00,  0.00000000e+00,  0.00000000e+00,  0.00000000e+00,
        0.00000000e+00,  0.00000000e+00,  0.00000000e+00,  0.00000000e+00,
        0.00000000e+00,  0.00000000e+00,  0.00000000e+00,  0.00000000e+00,
        0.00000000e+00,  0.00000000e+00,  0.00000000e+00,  0.00000000e+00,
        0.00000000e+00,  0.00000000e+00,  0.00000000e+00,  0.00000000e+00,
        0.00000000e+00,  0.00000000e+00,  0.00000000e+00,  0.00000000e+00,
        0.00000000e+00,  0.00000000e+00,  0.00000000e+00,  0.00000000e+00,
        0.00000000e+00, -7.02279843e-17,  3.20110981e-17, -2.16163705e-17,
       -2.38936572e-17,  2.34592929e-18, -4.87474062e-18, -1.31324563e-17,
        0.00000000e+00,  0.00000000e+00,  0.00000000e+00,  0.00000000e+00,
        0.00000000e+00,  0.00000000e+00,  0.00000000e+00,  0.00000000e+00,
        0.00000000e+00, -6.69235709e-19, -3.54936279e-17,  9.62319323e-17,
        3.20474057e-17,  2.24694241e-17,  3.46256052e-17, -2.18800125e-17,
        0.00000000e+00,  0.00000000e+00,  0.00000000e+00,  0.00000000e+00,
        0.00000000e+00,  0.00000000e+00,  0.00000000e+00,  0.00000000e+00,
        0.00000000e+00,  1.66119259e-16,  1.26670769e-16, -4.28151341e-05,
        3.84168465e-06, -4.18701544e-06, -2.05524350e-05,  2.24720406e-05,
        0.00000000e+00,  0.00000000e+00,  0.00000000e+00,  0.00000000e+00,
        0.00000000e+00,  0.00000000e+00,  0.00000000e+00,  0.00000000e+00,
        0.00000000e+00, -4.81639343e-16, -1.07753914e-16,  6.04129991e-05,
       -3.90762277e-06, -3.09777322e-05,  5.84526046e-05, -7.49831164e-05,
        0.00000000e+00,  0.00000000e+00,  0.00000000e+00,  0.00000000e+00,
        0.00000000e+00,  0.00000000e+00,  0.00000000e+00,  0.00000000e+00,
        0.00000000e+00,  6.08563920e-16,  5.43376147e-16, -1.99274884e-04,
        1.14830914e-04,  3.37687239e-03, -1.77951799e-03,  3.89952159e-03,
        0.00000000e+00,  0.00000000e+00,  0.00000000e+00,  0.00000000e+00,
        0.00000000e+00,  0.00000000e+00,  0.00000000e+00,  0.00000000e+00,
        0.00000000e+00, -1.87468842e-15,  3.65026992e-16,  3.78858180e-04,
       -3.46845583e-04,  3.27360599e-02, -4.39575750e-02,  1.16465783e-03,
        0.00000000e+00,  0.00000000e+00,  0.00000000e+00,  0.00000000e+00,
        0.00000000e+00,  0.00000000e+00,  0.00000000e+00,  0.00000000e+00,
        0.00000000e+00,  5.10443173e-15, -6.01260033e-15,  5.89435663e-04,
       -1.65433017e-03,  7.47888518e-02,  3.54914369e-02,  1.80735720e-01,
        8.00000000e+00,  1.92680853e+00, -4.76803442e-02, -2.77447975e-02,
       -1.18858624e-03,  5.90059516e-04, -3.33240956e-15,  1.66813280e-15,
        0.00000000e+00,  0.00000000e+00,  0.00000000e+00,  0.00000000e+00,
        0.00000000e+00,  0.00000000e+00,  0.00000000e+00,  0.00000000e+00,
        0.00000000e+00,  1.52274465e+00,  2.44878581e-02, -9.94454244e-02,
       -5.19129578e-02,  1.20757347e-03, -5.60516090e-04,  4.22496738e-15,
       -3.21066112e-15,  0.00000000e+00,  0.00000000e+00,  0.00000000e+00,
        0.00000000e+00,  0.00000000e+00,  0.00000000e+00,  0.00000000e+00,
        0.00000000e+00,  0.00000000e+00,  2.48139506e-02, -8.96232661e-03,
        3.64754919e-02, -2.92351557e-02,  3.79875768e-04, -3.58452022e-04,
       -4.28901098e-16,  1.96148640e-15,  0.00000000e+00,  0.00000000e+00,
        0.00000000e+00,  0.00000000e+00,  0.00000000e+00,  0.00000000e+00,
        0.00000000e+00,  0.00000000e+00,  0.00000000e+00, -2.03155270e-03,
        1.73489217e-03,  7.96711391e-04, -6.28576854e-03, -1.26822534e-04,
        1.99843605e-04, -4.53821408e-16, -6.40534390e-16,  0.00000000e+00,
        0.00000000e+00,  0.00000000e+00,  0.00000000e+00,  0.00000000e+00,
        0.00000000e+00,  0.00000000e+00,  0.00000000e+00,  0.00000000e+00,
       -4.92445132e-06,  1.66353319e-05, -6.32750189e-05,  5.95731430e-05,
       -1.00919233e-05, -6.17774384e-05,  1.29164999e-16,  4.73455533e-16,
        0.00000000e+00,  0.00000000e+00,  0.00000000e+00,  0.00000000e+00,
        0.00000000e+00,  0.00000000e+00,  0.00000000e+00,  0.00000000e+00,
        0.00000000e+00,  6.17146733e-06, -1.02203269e-05,  2.59395442e-05,
       -4.94529199e-06, -1.78127959e-06,  4.42923801e-05, -1.30694188e-16,
       -1.68755448e-16,  0.00000000e+00,  0.00000000e+00,  0.00000000e+00,
        0.00000000e+00,  0.00000000e+00,  0.00000000e+00,  0.00000000e+00,
        0.00000000e+00,  0.00000000e+00, -9.82372847e-18,  7.46909529e-18,
       -5.31664129e-17,  1.76192766e-17, -4.68365867e-17, -1.03944973e-16,
        4.43149606e-17, -5.63867641e-18,  0.00000000e+00,  0.00000000e+00,
        0.00000000e+00,  0.00000000e+00,  0.00000000e+00,  0.00000000e+00,
        0.00000000e+00,  0.00000000e+00,  0.00000000e+00,  6.23935976e-19,
        3.48460825e-18,  1.14504063e-17, -1.30833073e-17,  2.58291001e-17,
        2.74898746e-17, -3.44885499e-17,  6.90884477e-17,  0.00000000e+00,
        0.00000000e+00,  0.00000000e+00,  0.00000000e+00,  0.00000000e+00,
        0.00000000e+00,  0.00000000e+00,  0.00000000e+00,  0.00000000e+00,
        0.00000000e+00,  0.00000000e+00,  0.00000000e+00,  0.00000000e+00,
        0.00000000e+00,  0.00000000e+00,  0.00000000e+00,  0.00000000e+00,
        0.00000000e+00,  0.00000000e+00,  0.00000000e+00,  0.00000000e+00,
        0.00000000e+00,  0.00000000e+00,  0.00000000e+00,  0.00000000e+00,
        0.00000000e+00,  0.00000000e+00,  0.00000000e+00,  0.00000000e+00,
        0.00000000e+00,  0.00000000e+00,  0.00000000e+00,  0.00000000e+00,
        0.00000000e+00,  0.00000000e+00,  0.00000000e+00,  0.00000000e+00,
        0.00000000e+00,  0.00000000e+00,  0.00000000e+00,  0.00000000e+00,
        0.00000000e+00,  0.00000000e+00,  0.00000000e+00,  0.00000000e+00,
        0.00000000e+00,  0.00000000e+00,  0.00000000e+00,  0.00000000e+00,
        0.00000000e+00,  0.00000000e+00,  0.00000000e+00,  0.00000000e+00,
        0.00000000e+00,  0.00000000e+00,  0.00000000e+00,  0.00000000e+00,
        0.00000000e+00,  0.00000000e+00,  0.00000000e+00,  0.00000000e+00,
        0.00000000e+00,  0.00000000e+00,  0.00000000e+00,  0.00000000e+00,
        0.00000000e+00,  0.00000000e+00,  0.00000000e+00,  0.00000000e+00,
        0.00000000e+00,  0.00000000e+00,  0.00000000e+00,  0.00000000e+00,
        0.00000000e+00,  0.00000000e+00,  0.00000000e+00,  0.00000000e+00,
        0.00000000e+00,  0.00000000e+00,  0.00000000e+00,  0.00000000e+00,
        0.00000000e+00,  0.00000000e+00,  0.00000000e+00,  0.00000000e+00,
        0.00000000e+00,  0.00000000e+00,  0.00000000e+00,  0.00000000e+00,
        0.00000000e+00,  0.00000000e+00,  0.00000000e+00,  0.00000000e+00,
        0.00000000e+00,  0.00000000e+00,  0.00000000e+00,  0.00000000e+00,
        0.00000000e+00,  0.00000000e+00,  0.00000000e+00,  0.00000000e+00,
        0.00000000e+00,  0.00000000e+00,  0.00000000e+00,  0.00000000e+00,
        0.00000000e+00,  0.00000000e+00,  0.00000000e+00,  0.00000000e+00,
        0.00000000e+00,  0.00000000e+00,  0.00000000e+00,  0.00000000e+00,
        0.00000000e+00,  0.00000000e+00,  0.00000000e+00,  0.00000000e+00,
        0.00000000e+00,  0.00000000e+00,  0.00000000e+00,  0.00000000e+00,
        0.00000000e+00,  0.00000000e+00,  0.00000000e+00,  0.00000000e+00,
        0.00000000e+00,  0.00000000e+00,  0.00000000e+00,  0.00000000e+00,
        0.00000000e+00,  0.00000000e+00,  0.00000000e+00,  0.00000000e+00,
        0.00000000e+00,  0.00000000e+00,  0.00000000e+00,  0.00000000e+00,
        0.00000000e+00,  0.00000000e+00,  0.00000000e+00,  0.00000000e+00,
        0.00000000e+00,  0.00000000e+00,  0.00000000e+00,  0.00000000e+00,
        0.00000000e+00,  0.00000000e+00,  0.00000000e+00,  0.00000000e+00,
        0.00000000e+00,  0.00000000e+00,  0.00000000e+00,  0.00000000e+00,
        0.00000000e+00,  0.00000000e+00,  0.00000000e+00,  0.00000000e+00,
        0.00000000e+00,  0.00000000e+00,  0.00000000e+00,  0.00000000e+00,
        0.00000000e+00], dtype=float64),
                   'Te_l': Array([], shape=(0,), dtype=float64),
                   'Ti_l': Array([], shape=(0,), dtype=float64),
                   'Z_lmn': Array([ 9.07193607e-10, -5.77411923e-09, -1.05407561e-10, ...,
       -7.41025966e-11,  7.63258250e-12,  5.51660661e-11], dtype=float64),
                   'Za_n': Array([-4.20732728e-11,  4.50700913e-11, -4.92371869e-11,  9.36792847e-11,
        3.42276419e-11, -4.13857904e-10, -1.14666001e-10, -3.72827787e-08,
       -1.24869389e-07, -7.39712116e-08, -7.22558342e-06, -1.57637078e-06,
        6.77141482e-05,  1.26769261e-03,  8.83506322e-02,  1.34821321e+00],      dtype=float64),
                   'Zb_lmn': Array([ 0.00000000e+00,  0.00000000e+00,  0.00000000e+00,  0.00000000e+00,
        0.00000000e+00,  0.00000000e+00,  0.00000000e+00,  0.00000000e+00,
        0.00000000e+00,  0.00000000e+00,  0.00000000e+00,  0.00000000e+00,
        0.00000000e+00,  0.00000000e+00,  0.00000000e+00,  0.00000000e+00,
        0.00000000e+00,  0.00000000e+00,  0.00000000e+00,  0.00000000e+00,
        0.00000000e+00,  0.00000000e+00,  0.00000000e+00,  0.00000000e+00,
        0.00000000e+00,  0.00000000e+00,  0.00000000e+00,  0.00000000e+00,
        0.00000000e+00,  0.00000000e+00,  0.00000000e+00,  0.00000000e+00,
        0.00000000e+00,  0.00000000e+00,  0.00000000e+00,  0.00000000e+00,
        0.00000000e+00,  0.00000000e+00,  0.00000000e+00,  0.00000000e+00,
        0.00000000e+00,  0.00000000e+00,  0.00000000e+00,  0.00000000e+00,
        0.00000000e+00,  0.00000000e+00,  0.00000000e+00,  0.00000000e+00,
        0.00000000e+00,  0.00000000e+00,  0.00000000e+00,  0.00000000e+00,
        0.00000000e+00,  0.00000000e+00,  0.00000000e+00,  0.00000000e+00,
        0.00000000e+00,  0.00000000e+00,  0.00000000e+00,  0.00000000e+00,
        0.00000000e+00,  0.00000000e+00,  0.00000000e+00,  0.00000000e+00,
        0.00000000e+00,  0.00000000e+00,  0.00000000e+00,  0.00000000e+00,
        0.00000000e+00,  0.00000000e+00,  0.00000000e+00,  0.00000000e+00,
        0.00000000e+00,  0.00000000e+00,  0.00000000e+00,  0.00000000e+00,
        0.00000000e+00,  0.00000000e+00,  0.00000000e+00,  0.00000000e+00,
        0.00000000e+00,  0.00000000e+00,  0.00000000e+00,  0.00000000e+00,
        0.00000000e+00,  0.00000000e+00,  0.00000000e+00,  0.00000000e+00,
        0.00000000e+00,  0.00000000e+00,  0.00000000e+00,  0.00000000e+00,
        0.00000000e+00,  0.00000000e+00,  0.00000000e+00,  0.00000000e+00,
        0.00000000e+00,  0.00000000e+00,  0.00000000e+00,  0.00000000e+00,
        0.00000000e+00,  0.00000000e+00,  0.00000000e+00,  0.00000000e+00,
        0.00000000e+00,  0.00000000e+00,  0.00000000e+00,  0.00000000e+00,
        0.00000000e+00,  0.00000000e+00,  0.00000000e+00,  0.00000000e+00,
        0.00000000e+00,  0.00000000e+00,  0.00000000e+00,  0.00000000e+00,
        0.00000000e+00,  0.00000000e+00,  0.00000000e+00,  0.00000000e+00,
        0.00000000e+00,  0.00000000e+00,  0.00000000e+00,  0.00000000e+00,
        0.00000000e+00,  0.00000000e+00,  0.00000000e+00,  0.00000000e+00,
        0.00000000e+00,  0.00000000e+00,  0.00000000e+00,  0.00000000e+00,
        0.00000000e+00,  0.00000000e+00,  0.00000000e+00,  0.00000000e+00,
        0.00000000e+00,  0.00000000e+00,  0.00000000e+00,  0.00000000e+00,
        0.00000000e+00,  0.00000000e+00,  0.00000000e+00,  0.00000000e+00,
        0.00000000e+00,  0.00000000e+00,  0.00000000e+00,  0.00000000e+00,
        0.00000000e+00,  0.00000000e+00,  0.00000000e+00,  0.00000000e+00,
        0.00000000e+00, -4.78128951e-18,  1.85028169e-17,  1.77887380e-17,
       -3.55039676e-17, -1.38719115e-17,  8.66306264e-17, -8.16011082e-17,
       -6.18878224e-17,  0.00000000e+00,  0.00000000e+00,  0.00000000e+00,
        0.00000000e+00,  0.00000000e+00,  0.00000000e+00,  0.00000000e+00,
        0.00000000e+00,  0.00000000e+00, -1.19013952e-17,  1.38822384e-17,
       -2.17589533e-17, -7.09761072e-17,  8.18239824e-17,  2.51826090e-17,
       -5.86715093e-18,  1.54604435e-16,  0.00000000e+00,  0.00000000e+00,
        0.00000000e+00,  0.00000000e+00,  0.00000000e+00,  0.00000000e+00,
        0.00000000e+00,  0.00000000e+00,  0.00000000e+00,  8.52133016e-06,
       -2.44076775e-05,  1.32133797e-06,  5.65622936e-05, -4.74684262e-05,
       -4.47921454e-05,  3.63696210e-16, -2.95234691e-16,  0.00000000e+00,
        0.00000000e+00,  0.00000000e+00,  0.00000000e+00,  0.00000000e+00,
        0.00000000e+00,  0.00000000e+00,  0.00000000e+00,  0.00000000e+00,
       -1.81933356e-05,  1.07064678e-04, -1.03067644e-05, -1.16075003e-04,
        8.73592234e-05,  1.00014011e-04, -8.06778081e-16,  2.85874031e-16,
        0.00000000e+00,  0.00000000e+00,  0.00000000e+00,  0.00000000e+00,
        0.00000000e+00,  0.00000000e+00,  0.00000000e+00,  0.00000000e+00,
        0.00000000e+00, -1.26036204e-03, -5.81268595e-03,  7.87443442e-03,
        3.54863421e-03, -5.87767000e-05, -2.71329854e-04,  1.61237725e-15,
       -5.07229094e-16,  0.00000000e+00,  0.00000000e+00,  0.00000000e+00,
        0.00000000e+00,  0.00000000e+00,  0.00000000e+00,  0.00000000e+00,
        0.00000000e+00,  0.00000000e+00,  2.83029444e-02, -2.85434908e-02,
       -4.92554431e-02,  1.82205629e-02, -3.58927141e-04,  5.67509512e-04,
       -1.43534724e-15, -1.06168952e-16,  0.00000000e+00,  0.00000000e+00,
        0.00000000e+00,  0.00000000e+00,  0.00000000e+00,  0.00000000e+00,
        0.00000000e+00,  0.00000000e+00,  0.00000000e+00,  1.54945935e+00,
       -6.30271223e-02,  1.99810874e-01,  8.60643855e-02, -1.95629285e-04,
       -3.94755864e-04, -7.37685155e-17,  9.94749806e-16,  0.00000000e+00,
        0.00000000e+00,  0.00000000e+00,  0.00000000e+00,  0.00000000e+00,
        0.00000000e+00,  0.00000000e+00,  0.00000000e+00,  0.00000000e+00,
        0.00000000e+00,  0.00000000e+00,  0.00000000e+00,  0.00000000e+00,
        0.00000000e+00,  0.00000000e+00,  0.00000000e+00,  0.00000000e+00,
        0.00000000e+00, -1.00901053e-15,  1.16514486e-15,  1.78136880e-04,
       -7.82227004e-04,  6.15122775e-02,  7.51044300e-03, -1.93139984e+00,
        0.00000000e+00,  0.00000000e+00,  0.00000000e+00,  0.00000000e+00,
        0.00000000e+00,  0.00000000e+00,  0.00000000e+00,  0.00000000e+00,
        0.00000000e+00,  9.65584857e-16, -1.22191720e-16, -3.36483689e-04,
        2.29084897e-04, -1.06892867e-02,  2.76402823e-01, -2.52853949e-02,
        0.00000000e+00,  0.00000000e+00,  0.00000000e+00,  0.00000000e+00,
        0.00000000e+00,  0.00000000e+00,  0.00000000e+00,  0.00000000e+00,
        0.00000000e+00,  4.35981159e-17, -1.99704283e-15,  6.74457004e-04,
       -5.54492250e-04,  2.47601481e-02, -4.24051668e-02,  7.37282659e-03,
        0.00000000e+00,  0.00000000e+00,  0.00000000e+00,  0.00000000e+00,
        0.00000000e+00,  0.00000000e+00,  0.00000000e+00,  0.00000000e+00,
        0.00000000e+00, -3.93831946e-16,  1.46585483e-15, -2.72616825e-04,
       -2.14551301e-05,  5.07119224e-03,  7.14929370e-03, -2.64871916e-03,
        0.00000000e+00,  0.00000000e+00,  0.00000000e+00,  0.00000000e+00,
        0.00000000e+00,  0.00000000e+00,  0.00000000e+00,  0.00000000e+00,
        0.00000000e+00,  2.98318248e-16, -8.00312220e-16,  8.65122775e-05,
        1.17118281e-04, -1.26366698e-04, -8.78628174e-06,  1.58021819e-05,
        0.00000000e+00,  0.00000000e+00,  0.00000000e+00,  0.00000000e+00,
        0.00000000e+00,  0.00000000e+00,  0.00000000e+00,  0.00000000e+00,
        0.00000000e+00, -2.77571445e-16,  3.52815469e-16, -4.13633557e-05,
       -5.41010243e-05,  5.56917639e-05, -3.20078981e-06, -2.73013225e-06,
        0.00000000e+00,  0.00000000e+00,  0.00000000e+00,  0.00000000e+00,
        0.00000000e+00,  0.00000000e+00,  0.00000000e+00,  0.00000000e+00,
        0.00000000e+00,  1.55478921e-16, -1.00356569e-18,  1.19690374e-17,
        1.22054174e-16, -1.06397168e-16, -2.59918556e-17,  4.93642248e-17,
        0.00000000e+00,  0.00000000e+00,  0.00000000e+00,  0.00000000e+00,
        0.00000000e+00,  0.00000000e+00,  0.00000000e+00,  0.00000000e+00,
        0.00000000e+00, -6.15015297e-17, -7.68189575e-17,  7.68925900e-17,
       -2.14049187e-17, -7.24565735e-18,  1.06020922e-17, -1.28523442e-17,
        0.00000000e+00,  0.00000000e+00,  0.00000000e+00,  0.00000000e+00,
        0.00000000e+00,  0.00000000e+00,  0.00000000e+00,  0.00000000e+00,
        0.00000000e+00,  0.00000000e+00,  0.00000000e+00,  0.00000000e+00,
        0.00000000e+00,  0.00000000e+00,  0.00000000e+00,  0.00000000e+00,
        0.00000000e+00,  0.00000000e+00,  0.00000000e+00,  0.00000000e+00,
        0.00000000e+00,  0.00000000e+00,  0.00000000e+00,  0.00000000e+00,
        0.00000000e+00,  0.00000000e+00,  0.00000000e+00,  0.00000000e+00,
        0.00000000e+00,  0.00000000e+00,  0.00000000e+00,  0.00000000e+00,
        0.00000000e+00,  0.00000000e+00,  0.00000000e+00,  0.00000000e+00,
        0.00000000e+00,  0.00000000e+00,  0.00000000e+00,  0.00000000e+00,
        0.00000000e+00,  0.00000000e+00,  0.00000000e+00,  0.00000000e+00,
        0.00000000e+00,  0.00000000e+00,  0.00000000e+00,  0.00000000e+00,
        0.00000000e+00,  0.00000000e+00,  0.00000000e+00,  0.00000000e+00,
        0.00000000e+00,  0.00000000e+00,  0.00000000e+00,  0.00000000e+00,
        0.00000000e+00,  0.00000000e+00,  0.00000000e+00,  0.00000000e+00,
        0.00000000e+00,  0.00000000e+00,  0.00000000e+00,  0.00000000e+00,
        0.00000000e+00,  0.00000000e+00,  0.00000000e+00,  0.00000000e+00,
        0.00000000e+00,  0.00000000e+00,  0.00000000e+00,  0.00000000e+00,
        0.00000000e+00,  0.00000000e+00,  0.00000000e+00,  0.00000000e+00,
        0.00000000e+00,  0.00000000e+00,  0.00000000e+00,  0.00000000e+00,
        0.00000000e+00,  0.00000000e+00,  0.00000000e+00,  0.00000000e+00,
        0.00000000e+00,  0.00000000e+00,  0.00000000e+00,  0.00000000e+00,
        0.00000000e+00,  0.00000000e+00,  0.00000000e+00,  0.00000000e+00,
        0.00000000e+00,  0.00000000e+00,  0.00000000e+00,  0.00000000e+00,
        0.00000000e+00,  0.00000000e+00,  0.00000000e+00,  0.00000000e+00,
        0.00000000e+00,  0.00000000e+00,  0.00000000e+00,  0.00000000e+00,
        0.00000000e+00,  0.00000000e+00,  0.00000000e+00,  0.00000000e+00,
        0.00000000e+00,  0.00000000e+00,  0.00000000e+00,  0.00000000e+00,
        0.00000000e+00,  0.00000000e+00,  0.00000000e+00,  0.00000000e+00,
        0.00000000e+00,  0.00000000e+00,  0.00000000e+00,  0.00000000e+00,
        0.00000000e+00,  0.00000000e+00,  0.00000000e+00,  0.00000000e+00,
        0.00000000e+00,  0.00000000e+00,  0.00000000e+00,  0.00000000e+00,
        0.00000000e+00,  0.00000000e+00,  0.00000000e+00,  0.00000000e+00,
        0.00000000e+00,  0.00000000e+00,  0.00000000e+00,  0.00000000e+00,
        0.00000000e+00,  0.00000000e+00,  0.00000000e+00,  0.00000000e+00,
        0.00000000e+00,  0.00000000e+00,  0.00000000e+00,  0.00000000e+00],      dtype=float64),
                   'Zeff_l': Array([], shape=(0,), dtype=float64),
                   'a_lmn': Array([], shape=(0,), dtype=float64),
                   'c_l': Array([0., 0., 0., 0., 0., 0., 0., 0., 0.], dtype=float64),
                   'i_l': Array([], shape=(0,), dtype=float64),
                   'ne_l': Array([], shape=(0,), dtype=float64),
                   'ni_l': Array([], shape=(0,), dtype=float64),
                   'p_l': Array([0., 0., 0., 0., 0., 0., 0., 0., 0.], dtype=float64)}]],
  'message': 'Optimization terminated successfully.\n'
             '`ftol` condition satisfied. (ftol=1.00e-05)\n'
             '`xtol` condition satisfied. (xtol=1.00e-06)',
  'nfev': 18,
  'nit': 1,
  'njev': 1,
  'optimality': Array(72.22966936, dtype=float64),
  'penalty_param': Array([10.], dtype=float64),
  's': Array([], shape=(0,), dtype=float64),
  'success': True,
  'v': Array([1., 1., 1., 1., 1., 1., 1., 1., 1., 1., 1., 1., 1., 1., 1., 1., 1.,
       1., 1., 1., 1., 1., 1., 1., 1., 1., 1., 1., 1., 1., 1., 1., 1., 1.,
       1., 1., 1., 1., 1., 1., 1., 1., 1., 1., 1., 1., 1., 1., 1., 1., 1.,
       1., 1., 1., 1., 1., 1., 1., 1., 1., 1., 1., 1., 1., 1., 1., 1., 1.,
       1., 1., 1., 1., 1., 1., 1., 1., 1., 1., 1., 1., 1., 1., 1., 1., 1.,
       1., 1., 1., 1., 1., 1., 1., 1., 1., 1., 1., 1., 1., 1., 1., 1., 1.,
       1., 1., 1., 1., 1., 1., 1., 1., 1., 1., 1., 1., 1., 1., 1., 1., 1.,
       1., 1., 1., 1., 1., 1., 1., 1., 1., 1., 1., 1., 1., 1., 1., 1., 1.,
       1., 1., 1., 1., 1., 1., 1., 1., 1., 1., 1., 1., 1., 1., 1., 1., 1.,
       1., 1., 1., 1., 1., 1., 1., 1., 1., 1., 1., 1., 1., 1., 1., 1., 1.,
       1., 1., 1., 1., 1., 1., 1., 1., 1., 1., 1., 1., 1., 1., 1., 1., 1.,
       1., 1., 1., 1., 1., 1., 1., 1., 1., 1., 1., 1., 1., 1., 1., 1., 1.,
       1., 1., 1., 1., 1., 1., 1., 1., 1., 1., 1., 1., 1., 1., 1., 1., 1.,
       1., 1., 1., 1.], dtype=float64),
  'x': Array([ 9.33813774e-01, -7.02279843e-17,  3.20110981e-17, -2.16163705e-17,
       -2.38936572e-17,  2.34592929e-18, -4.87474062e-18, -1.31324563e-17,
       -6.69235709e-19, -3.54936279e-17,  9.62319323e-17,  3.20474057e-17,
        2.24694241e-17,  3.46256052e-17, -2.18800125e-17,  1.66119259e-16,
        1.26670769e-16, -4.28151341e-05,  3.84168465e-06, -4.18701544e-06,
       -2.05524350e-05,  2.24720406e-05, -4.81639343e-16, -1.07753914e-16,
        6.04129991e-05, -3.90762277e-06, -3.09777322e-05,  5.84526046e-05,
       -7.49831164e-05,  6.08563920e-16,  5.43376147e-16, -1.99274884e-04,
        1.14830914e-04,  3.37687239e-03, -1.77951799e-03,  3.89952159e-03,
       -1.87468842e-15,  3.65026992e-16,  3.78858180e-04, -3.46845583e-04,
        3.27360599e-02, -4.39575750e-02,  1.16465783e-03,  5.10443173e-15,
       -6.01260033e-15,  5.89435663e-04, -1.65433017e-03,  7.47888518e-02,
        3.54914369e-02,  1.80735720e-01,  1.92680853e+00, -4.76803442e-02,
       -2.77447975e-02, -1.18858624e-03,  5.90059516e-04, -3.33240956e-15,
        1.66813280e-15,  1.52274465e+00,  2.44878581e-02, -9.94454244e-02,
       -5.19129578e-02,  1.20757347e-03, -5.60516090e-04,  4.22496738e-15,
       -3.21066112e-15,  2.48139506e-02, -8.96232661e-03,  3.64754919e-02,
       -2.92351557e-02,  3.79875768e-04, -3.58452022e-04, -4.28901098e-16,
        1.96148640e-15, -2.03155270e-03,  1.73489217e-03,  7.96711391e-04,
       -6.28576854e-03, -1.26822534e-04,  1.99843605e-04, -4.53821408e-16,
       -6.40534390e-16, -4.92445132e-06,  1.66353319e-05, -6.32750189e-05,
        5.95731430e-05, -1.00919233e-05, -6.17774384e-05,  1.29164999e-16,
        4.73455533e-16,  6.17146733e-06, -1.02203269e-05,  2.59395442e-05,
       -4.94529199e-06, -1.78127959e-06,  4.42923801e-05, -1.30694188e-16,
       -1.68755448e-16, -9.82372847e-18,  7.46909529e-18, -5.31664129e-17,
        1.76192766e-17, -4.68365867e-17, -1.03944973e-16,  4.43149606e-17,
       -5.63867641e-18,  6.23935976e-19,  3.48460825e-18,  1.14504063e-17,
       -1.30833073e-17,  2.58291001e-17,  2.74898746e-17, -3.44885499e-17,
        6.90884477e-17, -4.78128951e-18,  1.85028169e-17,  1.77887380e-17,
       -3.55039676e-17, -1.38719115e-17,  8.66306264e-17, -8.16011082e-17,
       -6.18878224e-17, -1.19013952e-17,  1.38822384e-17, -2.17589533e-17,
       -7.09761072e-17,  8.18239824e-17,  2.51826090e-17, -5.86715093e-18,
        1.54604435e-16,  8.52133016e-06, -2.44076775e-05,  1.32133797e-06,
        5.65622936e-05, -4.74684262e-05, -4.47921454e-05,  3.63696210e-16,
       -2.95234691e-16, -1.81933356e-05,  1.07064678e-04, -1.03067644e-05,
       -1.16075003e-04,  8.73592234e-05,  1.00014011e-04, -8.06778081e-16,
        2.85874031e-16, -1.26036204e-03, -5.81268595e-03,  7.87443442e-03,
        3.54863421e-03, -5.87767000e-05, -2.71329854e-04,  1.61237725e-15,
       -5.07229094e-16,  2.83029444e-02, -2.85434908e-02, -4.92554431e-02,
        1.82205629e-02, -3.58927141e-04,  5.67509512e-04, -1.43534724e-15,
       -1.06168952e-16,  1.54945935e+00, -6.30271223e-02,  1.99810874e-01,
        8.60643855e-02, -1.95629285e-04, -3.94755864e-04, -7.37685155e-17,
        9.94749806e-16, -1.00901053e-15,  1.16514486e-15,  1.78136880e-04,
       -7.82227004e-04,  6.15122775e-02,  7.51044300e-03, -1.93139984e+00,
        9.65584857e-16, -1.22191720e-16, -3.36483689e-04,  2.29084897e-04,
       -1.06892867e-02,  2.76402823e-01, -2.52853949e-02,  4.35981159e-17,
       -1.99704283e-15,  6.74457004e-04, -5.54492250e-04,  2.47601481e-02,
       -4.24051668e-02,  7.37282659e-03, -3.93831946e-16,  1.46585483e-15,
       -2.72616825e-04, -2.14551301e-05,  5.07119224e-03,  7.14929370e-03,
       -2.64871916e-03,  2.98318248e-16, -8.00312220e-16,  8.65122775e-05,
        1.17118281e-04, -1.26366698e-04, -8.78628174e-06,  1.58021819e-05,
       -2.77571445e-16,  3.52815469e-16, -4.13633557e-05, -5.41010243e-05,
        5.56917639e-05, -3.20078981e-06, -2.73013225e-06,  1.55478921e-16,
       -1.00356569e-18,  1.19690374e-17,  1.22054174e-16, -1.06397168e-16,
       -2.59918556e-17,  4.93642248e-17, -6.15015297e-17, -7.68189575e-17,
        7.68925900e-17, -2.14049187e-17, -7.24565735e-18,  1.06020922e-17,
       -1.28523442e-17], dtype=float64),
  'x_scale': 'auto',
  'y': Array([0.], dtype=float64)}
